UNKNOWN                 
1 81014U          19067.37947665  .00038345  00000-0  31891-2 0  9991
2 81014  51.3216 125.4926 2913961 120.2206 271.8866  9.45099999184315
UNKNOWN                 
1 81036U          19068.44444060  .00000478  00000-0  82045-3 0  9999
2 81036  66.0720 302.5665 2751159  38.2069 338.4935  9.12744925175827
UNKNOWN                 
1 81037U          19065.45546828  .00001084  00000-0  10690-3 0  9994
2 81037  62.2015  85.0487 0273627  96.0034 267.2297 14.74746164842090
UNKNOWN                 
1 81052U          19066.77877030  .00000787  00000-0  29210-3 0  9996
2 81052  65.7834 344.3560 0643325  47.8251 317.5626 13.59899044786043
UNKNOWN                 
1 81067U          19065.66637312  .00001211  00000-0  67162-3 0  9997
2 81067  99.1091 149.6285 0057595 128.9255 231.7070 14.12333177212615
UNKNOWN                 
1 81069U          19065.81748564  .00001130  00000-0  19688-2 0  9997
2 81069 100.3337 204.7144 0069332 271.0215  88.2971 13.45165504182196
UNKNOWN                 
1 81073U          19067.22793144  .00006222  00000-0  65317-2 0  9990
2 81073  61.5832 303.9907 4762597 126.8508 287.0117  5.81092142455885
UNKNOWN                 
1 81078U          19067.82370175  .00000041  00000-0  24740-2 0  9994
2 81078  65.1156 205.5856 0183396 182.6370 332.9328 11.21483171217423
UNKNOWN                 
1 81096U 83075    19067.12941723  .00001341  00000-0  11359-3 0  9990
2 81096  97.3814  27.3482 0202692 163.5308 197.2624 14.85009684238718
UNKNOWN                 
1 81111U          19068.45291155  .00026587  00000-0  15035-2 0  9992
2 81111  62.7357 193.1108 4955262 264.1086  39.7656  5.76935195701382
UNKNOWN                 
1 81114U          19065.36199392  .00010522  00000-0  35281-3 0  9990
2 81114  63.0218 344.7273 0042841 139.7187 220.7116 15.30520732821796
UNKNOWN                 
1 81122U          19067.18823617  .00000703  00000-0  32857-3 0  9991
2 81122  97.6317 206.8373 0281629  37.6361 324.4154 14.03814265226414
UNKNOWN                 
1 81123U 70025    19065.52848071  .00000072  00000-0  12171-3 0  9999
2 81123  99.9640 341.8589 0003698 334.8737  25.2231 13.77212529718957
UNKNOWN                 
1 81134U          19064.41745006  .00000003  00000-0 -14050-4 0  9992
2 81134  90.3077 302.3374 0028456  18.9438 341.2731 12.92234623142984
UNKNOWN                 
1 81161U          19056.09518873  .00000704  00000-0  82896-3 0  9996
2 81161 100.3968  16.0577 0063211  47.6098 313.0372 13.71336680779605
UNKNOWN                 
1 81167U          19067.46032830  .00004880  00000-0  41019-1 0  9998
2 81167  62.4923  96.5427 3460276 181.9285 176.4059  7.43623343 52134
UNKNOWN                 
1 81182U          19067.92786754  .00074789  00000-0  53596-2 0  9996
2 81182  51.4002  55.7403 1858505  54.3601 321.6439 11.58799114166095
UNKNOWN                 
1 81199U          19060.43181676  .00000741  00000-0  24333-3 0  9990
2 81199  96.6839 142.7780 0142318 175.1389 185.1222 14.34624427231018
UNKNOWN                 
1 81219U 81053    19067.23448503  .00000175  00000-0  15514-3 0  9992
2 81219  82.9261  57.1496 0021795 331.2335  28.7620 13.79435531266591
UNKNOWN                 
1 81221U          19065.74712936  .00000115  00000-0  75504-4 0  9996
2 81221  98.8211 355.4282 0114734 252.2861 106.5763 14.16458366173362
UNKNOWN                 
1 81228U          19065.20673156  .00001064  00000-0  52124-3 0  9990
2 81228  70.5326 279.8520 0080251  16.1804 344.1851 14.18626908848488
UNKNOWN                 
1 81247U 81053    19067.98508486  .00001559  00000-0  43746-3 0  9997
2 81247  83.2454  76.4328 0036662  73.1146 287.4065 14.45060372278051
UNKNOWN                 
1 81254U 70025    19067.44339638  .00002251  00000-0  17778-2 0  9999
2 81254 100.3687 153.1480 0077854  52.8696 307.9539 13.91443864268472
UNKNOWN                 
1 81264U          19061.32633339  .00000666  00000-0  14788-3 0  9999
2 81264  99.4498 252.4109 0106039 268.8124  90.0921 14.57926621247084
UNKNOWN                 
1 81279U          19067.88999010  .00000252  00000-0  12215-3 0  9997
2 81279  98.1397 312.6691 0224797  13.3619 347.3377 14.13421349113098
UNKNOWN                 
1 81301U          19067.36092916 -.00000019  00000-0  55144-4 0  9996
2 81301  66.7589  68.8616 0083451  91.6198 334.0920 13.75287188266405
UNKNOWN                 
1 81311U 90105    19068.58805764  .00000073  00000-0  27288-4 0  9997
2 81311  98.6701 342.9233 0140078  78.3685  44.1310 14.52880114280658
UNKNOWN                 
1 81317U 80089    19066.83385201  .00000006  00000-0  11904-3 0  9991
2 81317  67.1374 213.0165 0221396 318.2026 192.0874 13.36989770258103
UNKNOWN                 
1 81323U          19060.55481380  .00000440  00000-0  12112-3 0  9995
2 81323  65.7784 118.6727 0500782 147.8041 215.4686 14.01671378763258
UNKNOWN                 
1 81329U          19068.08325418  .00000493  00000-0  22154-3 0  9991
2 81329  65.8299 317.0524 0868883  57.1850  52.4613 13.12482975778626
UNKNOWN                 
1 81338U          19065.56100836  .00008471  00000-0  67529-3 0  9995
2 81338  74.0276 279.9491 0011674 227.8740 132.1456 15.00411205190440
UNKNOWN                 
1 81341U          19055.90049392  .00002358  00000-0  69659-2 0  9998
2 81341  99.5079 303.3678 0392591 342.1881  16.5777 12.85696721744997
UNKNOWN                 
1 81342U          19066.37894480  .00000903  00000-0  56665-3 0  9996
2 81342  70.9002  68.3527 0156008  77.1726 284.6767 14.01267318270067
UNKNOWN                 
1 81343U          19068.40804128  .00000319  00000-0  34231-4 0  9990
2 81343  85.8776  48.8995 0011744  19.6265 340.5408 14.84722752 86652
UNKNOWN                 
1 81357U          19068.07649343  .00001501  00000-0  15531-3 0  9999
2 81357  97.5156   9.6555 0205652 301.4493  56.6758 14.77256803168907
UNKNOWN                 
1 81358U          19065.54723542  .00000161  00000-0  24763-1 0  9999
2 81358  62.5732 121.8953 0398359  90.5174 274.1299  9.79797383554969
UNKNOWN                 
1 81359U          19067.71373087  .00000085  00000-0  15748-3 0  9996
2 81359  66.8008 178.4853 0122782 210.5164 148.8724 13.74767559815724
UNKNOWN                 
1 81361U          19067.81722019  .00013045  00000-0  92407-3 0  9990
2 81361  98.5563 201.6262 0021132  64.2104 296.1296 15.04787048283419
UNKNOWN                 
1 81366U          19068.53967389 -.00000010  00000-0  29900-4 0  9994
2 81366  65.8834 114.7951 0746567 183.6476 175.8943 13.38694019735116
UNKNOWN                 
1 81371U          19067.94367697  .00000211  00000-0  56273-4 0  9995
2 81371  98.8239 324.2087 0089142  17.3624 343.0587 14.57133777861903
UNKNOWN                 
1 81374U          19065.53884516  .00001196  00000-0  45729-3 0  9991
2 81374  65.7299 261.5466 0048413 359.7619   0.3442 14.33772568680321
UNKNOWN                 
1 81380U          19067.46205689  .00001329  00000-0  46835-3 0  9997
2 81380  99.8528 153.3782 0001104  82.2514 277.8793 14.36875782779401
UNKNOWN                 
1 81386U          19067.66060654  .00000681  00000-0  34564-3 0  9992
2 81386  71.0560 184.5079 0124187 303.4844  55.4459 14.15537153273201
UNKNOWN                 
1 81390U          19058.96598440 -.00000007  00000-0  32284-3 0  9999
2 81390 103.1031 114.2883 0183061 155.1545 205.8460 12.34117627666416
UNKNOWN                 
1 81391U          19066.82045785  .00000880  00000-0  40679-3 0  9998
2 81391  81.2064 259.9190 0017227  42.3635 317.8868 14.20058132229181
UNKNOWN                 
1 81392U          19061.53707390  .00000810  00000-0  10237-2 0  9998
2 81392 100.4335 170.5027 0052362 137.7319 296.6642 13.66754192786316
UNKNOWN                 
1 81402U          19067.98677180  .00001582  00000-0  70281-3 0  9991
2 81402  98.7646  81.5141 0008334 120.7202 239.4799 14.24377484 92861
UNKNOWN                 
1 81405U          19065.90605203  .00000237  00000-0  23701-3 0  9992
2 81405  99.4999  46.0156 0168878 292.0276  66.3013 13.82153086231605
UNKNOWN                 
1 81406U          19059.00914294  .00000134  00000-0  90427-4 0  9996
2 81406  65.8117 283.1528 0897945 330.4676  24.8350 13.04425551728581
UNKNOWN                 
1 81409U 87068    19067.47220988  .00001342  00000-0  51809-3 0  9990
2 81409  82.6661 125.6258 0062713  37.0296 323.5191 14.28511200836003
UNKNOWN                 
1 81418U          19065.76321951  .00000267  00000-0  62385-3 0  9999
2 81418 100.3213 182.6482 0053878  54.1550 306.4561 13.34112446 68947
UNKNOWN                 
1 81425U 70025    19067.74142280  .00001437  00000-0  18491-2 0  9995
2 81425  99.4196 174.0285 0073981 342.1879  17.6673 13.63206542738177
UNKNOWN                 
1 81427U          19062.53790974  .00000325  00000-0  22863-3 0  9998
2 81427  98.9076 336.8864 0088905 119.4897 241.5173 14.02979239204757
UNKNOWN                 
1 81434U          19052.75017113  .00015748  00000-0  66314-2 0  9999
2 81434  98.9083 109.0586 0059992 177.9429 182.0419 14.24819352    05
UNKNOWN                 
1 81438U          19064.29256500  .00001617  00000-0  28451-2 0  9990
2 81438 100.3203 193.2924 0057292 271.3885  88.0681 13.44039817264669
UNKNOWN                 
1 81439U          19045.03877871 -.00000010  00000-0  12233-3 0  9991
2 81439  67.1570 275.2748 0608127 298.5953  53.2143 12.61086022790926
UNKNOWN                 
1 81441U          19060.07228151  .00094202  00000-0  15091-2 0  9995
2 81441  62.9031 303.8357 0075573 111.7630 249.1557 15.49297986209998
UNKNOWN                 
1 81449U 85042    19068.50483554  .00001307  00000-0  49330-3 0  9996
2 81449  66.8056 116.6590 0055279 228.8535 130.7789 14.33601412276407
UNKNOWN                 
1 81478U          19067.36013025  .00000339  00000-0  17533-3 0  9998
2 81478  99.1512 261.3561 0179149 184.0607 301.0580 14.13605142272799
UNKNOWN                 
1 81481U          19068.51595373  .00010173  00000-0  40777-2 0  9993
2 81481  98.7348 261.7252 0039522 233.9664 125.7851 14.28016827 56810
UNKNOWN                 
1 81488U 75052    19067.22795319 -.00000142  00000-0 -13657-3 0  9993
2 81488 100.0223 213.8035 0044221 352.5597 129.3351 13.55377740261735
UNKNOWN                 
1 81497U          19067.92626365  .00001101  00000-0  14059-2 0  9995
2 81497 100.3308 109.5029 0030975 122.7606 359.8928 13.65526816877649
UNKNOWN                 
1 81499U          19068.05431042  .00000286  00000-0  10804-3 0  9996
2 81499  74.0530  92.5149 0002485 336.9138  23.1903 14.35687003127076
UNKNOWN                 
1 81509U          19068.25571859  .00005911  00000-0  16081-2 0  9993
2 81509  98.9292 173.1040 0038541 192.1250 167.9017 14.47430462105407
UNKNOWN                 
1 81521U          19068.16070897  .00003738  00000-0  82290-3 0  9994
2 81521  99.7218  42.8362 0013129 337.6506  85.2262 14.58156757279974
UNKNOWN                 
1 81535U          19067.73415540  .00000103  00000-0  63039-4 0  9993
2 81535  98.2076 346.8633 0253882  54.9067 307.5624 14.07146922 39452
UNKNOWN                 
1 81536U 73086    19068.26160973  .00000338  00000-0  24106-2 0  9994
2 81536 101.9526 223.9673 0027416 295.7676 185.5306 12.53494613242052
UNKNOWN                 
1 81537U 93016    19064.64391774  .00000097  00000-0  86112-4 0  9992
2 81537  71.0402 178.2095 0081122 274.4159  84.7694 14.05486033272719
UNKNOWN                 
1 81544U          19068.59552074  .01136418  00000-0  15100-1 0  9995
2 81544  86.3994  36.8913 0013833  79.8632 280.4190 15.55367823 69257
UNKNOWN                 
1 81545U          19068.03783334  .00019827  00000-0  69820-2 0  9992
2 81545  98.7956 264.2662 0053371 214.2430 145.5309 14.34027458 66908
UNKNOWN                 
1 81546U          19058.64312167  .00001409  00000-0  18016-3 0  9990
2 81546  66.8080  59.7346 0019810 245.5250 114.3811 14.84622247760710
UNKNOWN                 
1 81552U          19068.48256536  .00000755  00000-0  17557-2 0  9998
2 81552  99.0603 314.5796 0270193 167.0476 193.7762 13.15002946254285
UNKNOWN                 
1 81564U          19067.36948955  .00001717  00000-0  78832-3 0  9993
2 81564  81.1867 310.0079 0038595 319.0423  40.7855 14.20517392213873
UNKNOWN                 
1 81569U 95015    19068.52472036  .00000504  00000-0  25151-2 0  9997
2 81569  28.0752 242.8685 0311875 158.5063 242.4639 12.46210989244476
UNKNOWN                 
1 81579U          19065.60690097  .00000829  00000-0  59771-3 0  9999
2 81579 100.0741 302.1992 0241141 279.3846  78.0122 13.87135046855223
UNKNOWN                 
1 81599U          19067.86999053  .00000324  00000-0  69883-3 0  9990
2 81599  67.2930 209.1249 0259742  53.7571  23.8402 13.28670612803786
UNKNOWN                 
1 81605U          19064.18370350 -.00000168  00000-0 -28695-3 0  9997
2 81605  56.4280 345.8104 0121366  49.6577 308.1316 12.76947313201793
UNKNOWN                 
1 81614U 76077    19066.30614835  .00001786  00000-0  15059-1 0  9992
2 81614 101.4609 199.4781 0359317  10.5213 350.3114 12.16502476694473
UNKNOWN                 
1 81615U 92021    19068.25511097 -.00000064  00000-0  10550-4 0  9995
2 81615  65.8324 343.5684 0826637 185.9200 173.1580 13.22643659834833
UNKNOWN                 
1 81617U 73086    19067.47956293 -.00000051  00000-0 -49224-4 0  9998
2 81617 101.3777 312.1023 0038377  64.4499 296.0537 12.56122375771716
UNKNOWN                 
1 81624U          19067.14862765  .00000589  00000-0  16600-3 0  9991
2 81624  66.9920 348.1428 0086592  95.0227 266.0775 14.50691169879964
UNKNOWN                 
1 81626U          19068.22372795  .00004222  00000-0  11467-2 0  9995
2 81626  71.0135   8.8659 0020047 273.1634  86.7212 14.47992639267844
UNKNOWN                 
1 81634U          19068.44286894  .00043946  00000-0  24087-2 0  9990
2 81634  51.7843  60.2556 1644423 123.1434 253.8107 12.08173550181107
UNKNOWN                 
1 81640U          19067.59219974  .00000068  00000-0  11489-3 0  9998
2 81640  65.8228 133.4690 0994535 356.9284   2.5886 12.55336971731541
UNKNOWN                 
1 81652U 76077    19067.67043469  .00000001  00000-0  69626-4 0  9995
2 81652 102.1507 139.6153 0384063 101.6471  49.6116 13.41044226811635
UNKNOWN                 
1 81661U          19062.21167728  .00001198  00000-0  36460-3 0  9995
2 81661  98.4389 334.5433 0070960 167.7989 192.4940 14.42409827176340
UNKNOWN                 
1 81667U          19067.99951273  .00000299  00000-0  10992-3 0  9990
2 81667  74.0437 278.4815 0018905 109.6095 250.7101 14.36831041101046
UNKNOWN                 
1 81674U          19067.67102030  .00000111  00000-0  11853-3 0  9992
2 81674  66.8249  68.3582 0032118 221.3176 257.9764 14.04630345817277
UNKNOWN                 
1 81678U          19068.57980531  .00001307  00000-0  21633-3 0  9991
2 81678  65.8338 129.4340 0061251 337.8100  96.3377 14.72982280282421
UNKNOWN                 
1 81683U          19068.43958015  .00000371  00000-0  10566-3 0  9997
2 81683  81.2251 335.4150 0030154 160.5183 199.7166 14.43187205868876
UNKNOWN                 
1 81693U 73086    19066.78359707  .00001147  00000-0  88213-2 0  9996
2 81693 101.0910  17.5967 0374374  47.8690 315.3554 12.22692739665385
UNKNOWN                 
1 81696U          19068.47754795  .00001058  00000-0  11262-3 0  9991
2 81696  97.3596  65.5052 0228516 116.9043 245.5718 14.73502900147029
UNKNOWN                 
1 81721U          19064.31465872  .00002727  00000-0  79921-3 0  9994
2 81721  98.1758 196.5853 0368078  69.5815 294.4482 14.11758166180138
UNKNOWN                 
1 81732U          19066.24915759  .00001324  00000-0  18187-3 0  9993
2 81732  65.7390  29.6639 0272089 110.3405 252.7158 14.60020553280253
UNKNOWN                 
1 81745U          19068.39701480  .00000324  00000-0  14580-3 0  9991
2 81745  71.0049 325.7791 0004499 129.0258 347.4036 14.29578190275967
UNKNOWN                 
1 81749U          19067.86765146 -.00000017  00000-0  66354-4 0  9992
2 81749  99.6828  55.9657 0368746 210.2897 272.8679 12.76853123765594
UNKNOWN                 
1 81775U          19067.68706253  .00000595  00000-0  27893-3 0  9999
2 81775  82.9280  56.3014 0024558 147.1095 213.1619 14.18522939273503
UNKNOWN                 
1 81777U          19064.09696461  .00002991  00000-0  37911-3 0  9996
2 81777  98.0402 114.6778 0003499 215.3066 144.7915 14.82505762 60880
UNKNOWN                 
1 81779U          19068.63372976  .00001591  00000-0  31642-1 0  9992
2 81779  53.8801 299.1095 2104087 337.1247  14.7753  9.19498192251763
UNKNOWN                 
1 81792U          19051.13078245  .00000027  00000-0  42483-4 0  9997
2 81792  65.8236 236.8238 0926284 301.3128  50.0402 13.03791030885942
UNKNOWN                 
1 81794U          19067.71140965  .00002748  00000-0  41716-3 0  9998
2 81794  81.1875 228.2760 0005797 239.4729 120.5904 14.73857704843565
UNKNOWN                 
1 81795U          19068.56865671  .00028337  00000-0  17005-2 0  9996
2 81795   6.3470 196.7366 1851548  13.0144 351.1914 11.62871323148152
UNKNOWN                 
1 81798U          19066.52399583  .00001821  00000-0  48656-3 0  9993
2 81798  74.0169 109.0340 0041906  67.3473 293.2109 14.48563269227633
UNKNOWN                 
1 81812U          19066.92250751  .00000685  00000-0  54363-2 0  9995
2 81812 103.5031  58.6812 0322271  85.4847 278.2939 12.27686803747795
UNKNOWN                 
1 81813U          19067.10449658  .00000497  00000-0  16282-3 0  9993
2 81813  99.0188 181.9506 0017701 257.3918 102.5291 14.42997620836987
UNKNOWN                 
1 81816U 77121    19068.24104215 -.00000271  00000-0 -15092-3 0  9997
2 81816  66.2380 291.3506 0190187 244.9293 113.1933 13.83285668835463
UNKNOWN                 
1 81817U          19067.10001555  .00000875  00000-0  11080-3 0  9998
2 81817  65.7294 321.4726 0336123 245.7680 110.7964 14.55360102283542
UNKNOWN                 
1 81818U          19067.60738249  .00000340  00000-0  98334-4 0  9996
2 81818  65.7540 141.6335 0680470 353.8225   5.4739 13.68978012791146
UNKNOWN                 
1 81819U          19067.01808390  .00000184  00000-0  16319-2 0  9994
2 81819 102.3357  95.5582 0032917  34.5667 325.7529 12.44373279829517
UNKNOWN                 
1 81821U          19047.39671244  .00019683 -56303-6  29099-3 0  9990
2 81821  34.0895 110.4557 2384223 214.3048 127.8014 10.72672198287373
UNKNOWN                 
1 81824U          19068.48414000  .00000064  00000-0  75834-4 0  9999
2 81824  65.8497  90.0271 0059112 233.1496 126.4160 14.16467248273453
UNKNOWN                 
1 81833U          19066.91477598 -.00000017  00000-0 -87798-4 0  9998
2 81833  90.3036 302.6076 0027846   5.9901 354.1545 12.92897747133045
UNKNOWN                 
1 81838U          19067.04022403  .00000424  00000-0  17050-3 0  9992
2 81838  67.7677  88.1267 0030830 209.5326 179.4391 14.36359170832694
UNKNOWN                 
1 81844U          19068.39194200  .00000881  00000-0  44645-3 0  9990
2 81844  82.9243  97.0640 0081279   1.6176 358.5248 14.13368799791350
UNKNOWN                 
1 81845U          19065.14688698  .00000177  00000-0  31894-4 0  9991
2 81845  97.9486 304.0890 0106303  44.1827 111.6432 14.74748332284290
UNKNOWN                 
1 81864U          19067.31842665  .00000237  00000-0  12793-3 0  9992
2 81864  65.6753  36.4912 0795777 354.0947   5.1110 13.25562933735136
UNKNOWN                 
1 81865U 87062    19068.45799042  .00000513  00000-0  45635-3 0  9990
2 81865  82.8068 121.4700 0071777 133.5495 290.0027 13.81759578266925
UNKNOWN                 
1 81872U          19068.28595872  .00013581  00000-0  88828-3 0  9991
2 81872  62.0072 134.6059 2207556  83.8274 300.7705 10.89342671 61439
UNKNOWN                 
1 81873U          19067.82792320  .00000875  00000-0  53414-3 0  9993
2 81873  99.1604  81.3370 0074712 178.7835 181.3528 14.07389577220878
UNKNOWN                 
1 81877U          19067.93980564 -.00000048  00000-0  37419-4 0  9999
2 81877  65.9363 180.9215 0068791 227.2129 132.3130 13.60103680791825
UNKNOWN                 
1 81893U 70025    19067.40959633  .00000129  00000-0  19548-3 0  9997
2 81893 100.0602 269.9375 0019597 132.6420 227.6381 13.71988210948426
UNKNOWN                 
1 81899U          19067.16810398  .00000275  00000-0  82415-3 0  9991
2 81899 102.4394  64.8449 0177114   2.8829 357.3257 13.15042491794445
UNKNOWN                 
1 81902U          19067.05683378  .00001386  00000-0  20698-3 0  9999
2 81902  81.6347 190.8218 0304643 298.3662  58.7120 14.47491392856080
UNKNOWN                 
1 81905U          19067.99617254  .00033999  00000-0  18576-2 0  9991
2 81905  61.7721 294.0989 1850528 174.0963 188.5560 11.65485868370611
UNKNOWN                 
1 81921U          19066.98013276 -.00000233  00000-0 -63175-4 0  9995
2 81921  65.7090 210.7026 0877696  79.7501 290.1206 13.06841879704996
UNKNOWN                 
1 81946U 87079    19066.11427524 -.00000027  00000-0  83066-4 0  9994
2 81946  66.4243 223.3764 0664600 106.0324  10.6705 12.41791618686616
UNKNOWN                 
1 81947U          19066.32856465  .00000084  00000-0  27434-4 0  9996
2 81947  66.0828  53.9339 0468094 189.0276 170.2186 14.30375799275903
UNKNOWN                 
1 81964U          19067.53306969  .00000000  00000-0  59132-4 0  9996
2 81964  66.5833 265.3284 0043969 277.6678  81.9408 13.94282354811354
UNKNOWN                 
1 81969U          19066.38534782  .00000352  00000-0  38044-4 0  9998
2 81969  86.6677 118.9143 0011146   8.4402 351.7007 14.84922446 71839
UNKNOWN                 
1 81995U          19067.64391937  .00000434  00000-0  13212-3 0  9990
2 81995  65.7564 297.0040 0592065  66.2028 299.9950 13.81133498765697
UNKNOWN                 
1 82025U          19065.38132062  .00005342  00000-0  77924-3 0  9999
2 82025  74.0320 313.1042 0006421 215.2491 144.8259 14.76026346228538
UNKNOWN                 
1 82039U          19065.97912156  .00001392  00000-0  35780-3 0  9994
2 82039  99.0543 347.6695 0047517 350.0799   9.9451 14.51337552197181
UNKNOWN                 
1 82043U          19067.74765829  .00000171  00000-0  69031-4 0  9990
2 82043  97.9129  56.6332 0261879 219.9911 138.1724 14.21816906222028
UNKNOWN                 
1 82044U          19065.95646921  .00000311  00000-0  38029-3 0  9991
2 82044  99.9967  66.6220 0066899 152.5733 207.8970 13.73396702222117
UNKNOWN                 
1 82051U          19065.36901371  .00000591  00000-0  29545-3 0  9990
2 82051  98.9113 117.9930 0120510 185.3944 174.5940 14.16827263220871
UNKNOWN                 
1 82073U          19067.11249265  .00000205  00000-0  75215-4 0  9994
2 82073  97.7335  25.5625 0244186 160.7268 200.3352 14.25856602222051
UNKNOWN                 
1 82110U          19064.40909284  .00003413  00000-0  78039-3 0  9999
2 82110  51.6147  85.5752 1893852 176.2739 185.4776 11.27678195144151
UNKNOWN                 
1 82112U          19066.64972585  .00001059  00000-0  31649-3 0  9993
2 82112  98.6795 135.1534 0102397 210.7087 148.8084 14.42138551224262
UNKNOWN                 
1 82117U          19043.11605690  .00001760  00000-0  71690-3 0  9994
2 82117  69.8968 321.9927 0015899 159.6299 195.6353 14.29006621767837
UNKNOWN                 
1 82134U          19065.18190989  .00016558  00000-0  28650-1 0  9991
2 82134  64.8261  98.6156 2846323 341.4415  10.0343  8.94449602125692
UNKNOWN                 
1 82139U          19067.23703871  .00000756  00000-0  47676-3 0  9998
2 82139  99.1955  77.8982 0094958 102.5456 258.6352 14.05155406132268
UNKNOWN                 
1 82141U          19068.07609419  .00003949  00000-0  47885-3 0  9996
2 82141  98.0494 120.6183 0006798 174.4678 185.6612 14.84164674 87605
UNKNOWN                 
1 82162U          19061.42662369  .00000857  00000-0  16241-2 0  9990
2 82162 100.3812 225.4761 0047035  54.7942 305.7576 13.41039165171301
UNKNOWN                 
1 82168U          19067.34997930  .00002459  00000-0  42603-3 0  9990
2 82168  74.0137 310.6124 0009026 249.1445 110.8759 14.68849881124951
UNKNOWN                 
1 82180U          19068.02851815  .00001204  00000-0  28593-3 0  9990
2 82180  65.6608  53.3712 0488321 350.6170   8.6021 14.03808027252000
UNKNOWN                 
1 82187U          19066.13926618  .00002076  00000-0  44266-3 0  9994
2 82187  70.9440 356.9634 0074111 115.3712 245.5130 14.58483995280952
UNKNOWN                 
1 82189U          19058.88244380  .00000045  00000-0  25725-4 0  9992
2 82189  74.0331 266.4099 0017042 336.2983  23.7382 14.33533221832322
UNKNOWN                 
1 82199U          19066.35275786  .00000160  00000-0  13143-3 0  9996
2 82199  82.9660 287.2508 0036920 203.7906 283.5946 13.83308041772656
UNKNOWN                 
1 82205U          19066.08676981  .00001152  00000-0  21744-3 0  9994
2 82205  62.9915 325.9987 0678748  65.9864 301.0688 13.77988815770694
UNKNOWN                 
1 82223U          19065.83435716  .00000086  00000-0  84983-4 0  9995
2 82223  99.3180 200.8041 0075050 317.5726  41.9651 14.02057557101523
UNKNOWN                 
1 82227U          19067.92965490 -.00000007  00000-0  26803-3 0  9998
2 82227 101.7295  56.1581 0001680  26.6590   1.8420 12.41883024334409
UNKNOWN                 
1 82250U          19062.99872778  .00000309  00000-0  23369-3 0  9990
2 82250  98.9822 335.6904 0095073 246.1989 173.3017 13.99390375377109
UNKNOWN                 
1 82268U          19067.38865948  .00000698  00000-0  39869-3 0  9991
2 82268  99.1420 130.0444 0062644 107.3722 311.1771 14.12021299385955
UNKNOWN                 
1 82284U          19068.38386680  .00001315  00000-0  56015-3 0  9990
2 82284  99.5635 116.9390 0106968 295.3649  63.6482 14.24121010818305
UNKNOWN                 
1 82285U          19067.87634988  .00000813  00000-0  88753-3 0  9997
2 82285 102.0297 312.1399 0358048  81.2935 282.8568 13.51995128732849
UNKNOWN                 
1 82295U          19067.50022416  .00000071  00000-0  61061-4 0  9995
2 82295  66.6233 123.2638 0129225 164.6135 195.8949 14.25344810827550
UNKNOWN                 
1 82298U          19066.37166205  .00000923  00000-0  51943-3 0  9990
2 82298  99.0907 127.6191 0067324 126.6254 234.1133 14.11839770216760
UNKNOWN                 
1 82303U          19068.61673708  .00004269  00000-0  10516-1 0  9993
2 82303  81.9810 159.4659 0066164 115.9931 313.7960 13.19676576184021
UNKNOWN                 
1 82311U          19064.32179771  .00000190  00000-0  34351-3 0  9991
2 82311  99.4636 193.2205 0110293  40.9492 319.9862 13.51295096215827
UNKNOWN                 
1 82314U          19065.96420256  .00002502  00000-0  13125-3 0  9997
2 82314  99.2135 327.6097 0218252 354.3448   5.5308 14.98870363169606
UNKNOWN                 
1 82320U          19067.51945937  .00000809  00000-0  30986-3 0  9997
2 82320  99.8221 318.9370 0163859  52.3425 309.2489 14.26751715825595
UNKNOWN                 
1 82322U          19068.03169922  .00001229  00000-0  32206-3 0  9993
2 82322  98.6419 101.2156 0082167  62.9700 297.9850 14.49171947205846
UNKNOWN                 
1 82369U 99025    19068.04316236 -.00000175  00000-0 -90505-4 0  9990
2 82369  99.1433  98.8037 0083384 292.9440  66.2939 13.96882874212130
UNKNOWN                 
1 82381U          19067.79044276  .00000856  00000-0  30291-3 0  9991
2 82381  98.5163 260.2034 0018728  75.0159 285.3099 14.36975565153529
UNKNOWN                 
1 82383U          19067.49591456  .00001931  00000-0  31050-3 0  9996
2 82383  98.3285  77.4796 0005102 251.5509 108.5143 14.72773718181465
UNKNOWN                 
1 82402U          19068.57596006  .00000286  00000-0  30386-4 0  9998
2 82402  86.6679 118.0322 0010907   0.2346 359.8881 14.84802727 86839
UNKNOWN                 
1 82405U          19068.06573532  .00000180  00000-0  34295-4 0  9990
2 82405  98.1161 154.0407 0042740  54.2906 306.2267 14.74908754 74029
UNKNOWN                 
1 82410U          19050.74150786  .00000040  00000-0  11674-3 0  9994
2 82410  66.6569 181.6728 0067134 232.2178 195.8964 13.75914219797595
UNKNOWN                 
1 82427U          19066.71527740  .00014574  00000-0  26721-2 0  9999
2 82427  98.4148 164.0901 0021457 194.9488 165.1083 14.65716462 69508
UNKNOWN                 
1 82428U          19068.59936926  .00004784  00000-0  56828-2 0  9991
2 82428  63.1617 129.9075 0055671 354.3113   5.7283 13.67868741 78918
UNKNOWN                 
1 82432U 93036    19067.04066576  .00000205  00000-0  58910-4 0  9991
2 82432  74.0119 327.5748 0063510  11.2696 348.9868 14.50083686124070
UNKNOWN                 
1 82448U          19068.39611151  .00000312  00000-0  33491-4 0  9997
2 82448  85.8776  48.8896 0011820  19.6714 340.4962 14.84749388 69371
UNKNOWN                 
1 82451U          19057.42839079  .00001342  00000-0  18104-3 0  9991
2 82451  66.5390  89.2297 0299332 147.0283 214.9898 14.56326023768858
UNKNOWN                 
1 82453U          19062.09340302 -.00000016  00000-0  20435-3 0  9996
2 82453 101.8245  24.2115 0093885 129.2417 231.7026 12.39460021688257
UNKNOWN                 
1 82464U          19067.80535970  .00001160  00000-0  37426-3 0  9997
2 82464  70.9998 114.9094 0081686  38.0257  83.2889 14.39426859815609
UNKNOWN                 
1 82475U          19067.98863545  .00000397  00000-0  26586-3 0  9996
2 82475  99.2035  82.4878 0109116 126.9191 234.2032 14.03835624198864
UNKNOWN                 
1 82481U          19065.06633598  .00003748  00000-0  30785-3 0  9992
2 82481  99.0129 171.5204 0046166 115.7650 244.8344 14.99145274 85113
UNKNOWN                 
1 82484U          19068.05271056  .00000026  00000-0  10035-3 0  9996
2 82484  99.6256 150.6485 0043237 302.9571  56.7412 13.55024998787621
UNKNOWN                 
1 82494U 93036    19066.90092873  .00000547  00000-0  15379-3 0  9992
2 82494  74.0227  36.9591 0009554  44.8550 315.3380 14.48250326123805
UNKNOWN                 
1 82500U          19049.85977077  .00000537  00000-0  34092-3 0  9994
2 82500  70.9715 134.4541 0149120 240.0275 118.5969 14.03017248789064
UNKNOWN                 
1 82517U          19068.40350633  .00001601  00000-0  49880-3 0  9991
2 82517  86.3914  53.4654 0015334 143.6642 216.5602 14.40284417 66688
UNKNOWN                 
1 82524U          19067.59300550  .00000090  00000-0  54947-4 0  9993
2 82524  73.2897 118.6034 0177247 347.4913 170.0373 14.13622421383349
UNKNOWN                 
1 82526U          19048.27113519  .00000588  00000-0  41178-3 0  9999
2 82526  99.2807  65.1138 0113795 341.0193  18.6746 13.99521989172627
UNKNOWN                 
1 82545U          19065.81657615 -.00000065  00000-0 -61029-3 0  9998
2 82545  64.8819 224.6420 0168569  42.8892 318.5040 11.30769517159297
UNKNOWN                 
1 82560U          19063.47965372  .00000252  00000-0  26750-3 0  9995
2 82560  99.9704 164.9134 0008736 292.7284 129.7336 13.84825393711069
UNKNOWN                 
1 82561U          19063.54071852 -.00000308  00000-0 -78031-4 0  9999
2 82561  63.1333  25.3462 0422149 278.7108 196.5995 13.87842302796251
UNKNOWN                 
1 82576U          19067.98109284  .00000446  00000-0  32677-3 0  9994
2 82576  99.3016  70.9922 0116167 309.8738  49.2253 13.98205606173957
UNKNOWN                 
1 82597U          19067.52271374  .00000199  00000-0  10743-3 0  9992
2 82597  66.7722 114.2656 0109133 332.9820  26.5621 14.27858472275635
UNKNOWN                 
1 82616U          19065.92528087  .00002623  00000-0  37706-3 0  9994
2 82616  97.2624 236.6316 0106348 158.1386 202.4412 14.73323790200024
UNKNOWN                 
1 82617U          19067.67104523  .00000074  00000-0  28105-4 0  9996
2 82617  74.0297 183.7669 0040726  14.6111 345.6214 14.46085797839903
UNKNOWN                 
1 82619U          19042.31784661 -.00000099  00000-0 -36004-4 0  9995
2 82619  66.1971  19.9586 0214165 200.9971 158.2189 13.49366416735005
UNKNOWN                 
1 82627U          19066.83752216 -.00000098  00000-0 -30372-3 0  9998
2 82627  82.4791 205.0780 0013249 159.9614 356.3895 13.13230165254111
UNKNOWN                 
1 82629U          19065.96057063  .00001510  00000-0  56268-3 0  9991
2 82629  81.1787 157.4117 0022074 217.0404 142.9256 14.31479005468865
UNKNOWN                 
1 82637U          19067.42325292  .00002049  00000-0  60888-3 0  9996
2 82637  99.5323 147.1548 0031767 272.5667  87.1884 14.44218233146399
UNKNOWN                 
1 82642U          19068.57283862  .00000109  00000-0  98555-4 0  9993
2 82642  99.0396 340.7389 0140369 236.5435 122.2243 13.98489216270236
UNKNOWN                 
1 82683U 99057    19067.90693320  .00000226  00000-0  11059-3 0  9991
2 82683  98.1711 315.1565 0229445  18.0152 342.8987 14.13264222112793
UNKNOWN                 
1 82686U          19067.30402486  .00000244  00000-0  72469-4 0  9992
2 82686  97.9603  91.4353 0199708 300.8090  57.3579 14.40858159181613
UNKNOWN                 
1 82693U          19067.05342384  .00000613  00000-0  90196-3 0  9998
2 82693 100.5340 163.4946 0038449 343.2535  16.7329 13.58843524217224
UNKNOWN                 
1 82698U          19067.07861543 -.00000008  00000-0  55990-4 0  9991
2 82698  61.6039 225.4282 0744495 114.9304 253.0912 13.20974491715702
UNKNOWN                 
1 82708U          19062.05663762  .00000153  00000-0  81982-3 0  9998
2 82708 102.1251  10.3098 0061920 237.9299 121.5767 12.86405556745051
UNKNOWN                 
1 82728U          19068.29205186  .00007621  00000-0  31084-2 0  9998
2 82728 100.0378  88.4575 0204071 237.3842 120.7487 14.17056322743787
UNKNOWN                 
1 82737U          19067.69107061  .00003627  00000-0  55413-2 0  9998
2 82737 102.8007 248.7263 0332982 105.7686 258.0406 13.32818832757439
UNKNOWN                 
1 82739U          19065.59860731  .00000552  00000-0  54340-3 0  9990
2 82739  99.1341 301.2213 0183227  28.4322   1.7146 13.75764521728753
UNKNOWN                 
1 82741U          19067.69895255  .00000526  00000-0  74458-3 0  9998
2 82741 102.8894  31.4300 0214684 328.9222  29.9349 13.55118533261493
UNKNOWN                 
1 82748U          19067.93093335  .00011088  00000-0  40836-2 0  9998
2 82748 102.8115 239.9055 0012361 219.3684 140.6586 14.32815506195671
UNKNOWN                 
1 82755U          19068.51743845  .00002400  00000-0  47333-3 0  9997
2 82755  99.8175 326.5019 0001575  55.5946 304.5399 14.63697317806279
UNKNOWN                 
1 82759U          19068.48658064  .00001935  00000-0  45574-3 0  9992
2 82759  98.3380 158.7078 0020150 139.7256 220.5438 14.55324482 63383
UNKNOWN                 
1 82783U          19066.67307989  .00000195  00000-0  57312-3 0  9995
2 82783  90.3444 323.9860 0023327 271.1968  88.6485 13.05917346181385
UNKNOWN                 
1 82785U          19068.53032709  .00000510  00000-0  16704-3 0  9990
2 82785  63.1395 109.0670 0281229 331.8395 176.2153 14.29219463275907
UNKNOWN                 
1 82820U          19066.02732408  .00000443  00000-0  22789-3 0  9990
2 82820  99.8090 276.8516 0060821 108.3571 252.4229 14.20148651273677
UNKNOWN                 
1 82829U          19046.77553538 -.00000115  00000-0 -20437-2 0  9999
2 82829  65.0985  97.9843 0163802 165.0408 306.2085 11.28833595369498
UNKNOWN                 
1 82873U          19066.00475792  .00000543  00000-0  33548-3 0  9992
2 82873  99.9972 353.9211 0045329 210.1058 149.7502 14.09939525271734
UNKNOWN                 
1 82875U          19067.87333165  .00000139  00000-0  51045-4 0  9991
2 82875  98.6975 103.5198 0395092 143.2884 219.6061 14.10629455195817
UNKNOWN                 
1 82891U          19068.12390514  .00000223  00000-0  38436-4 0  9992
2 82891  97.8459 139.4115 0015491 143.9026 216.3234 14.77288928 73378
UNKNOWN                 
1 82893U          19065.43928811  .00000859  00000-0  54791-3 0  9998
2 82893  98.9992 144.2038 0038982 187.5426 172.5160 14.05941791 74782
UNKNOWN                 
1 82912U          19066.87168852 -.00000022  00000-0  28056-4 0  9999
2 82912  65.8407  18.8338 0835316 306.5962  46.0974 13.14298480710718
UNKNOWN                 
1 82915U          19068.17168262  .00002348  00000-0  43903-3 0  9991
2 82915  74.0246   3.5983 0028476 284.0785  75.7219 14.65242156119355
UNKNOWN                 
1 82939U          19066.99690775 -.00000084  00000-0 -50464-2 0  9990
2 82939  86.1056  96.7901 1939704 303.6686  39.3730  8.76085827238117
UNKNOWN                 
1 82959U          19063.47593595  .00000377  00000-0  24527-3 0  9999
2 82959 100.1151 259.3597 0053125 137.6969 222.8313 14.09110099194808
UNKNOWN                 
1 82961U          19064.80274201  .00001389  00000-0  33302-2 0  9994
2 82961  99.8885  67.8890 0505935 204.3001 153.3463 12.85651552692901
UNKNOWN                 
1 82965U 70025    19065.68370856  .00000273  00000-0  46518-3 0  9997
2 82965 100.1570  31.4075 0001359  76.3316 283.7970 13.55011305189086
UNKNOWN                 
1 82991U          19067.47537922  .00001886  00000-0  37488-3 0  9997
2 82991  86.3216 334.6736 0009583 265.7335  94.2781 14.61628401122756
UNKNOWN                 
1 82996U          19067.98187005 -.00000077  00000-0  00000-0 0  9990
2 82996  51.0839 294.6698 0807412 100.9127 268.3499 11.37051417142523
UNKNOWN                 
1 83903U          19068.01280187 -.00000314  00000-0  00000-0 0  9993
2 83903  11.8052 317.0071 0129308 179.9864 359.4781  0.99114951 19172
UNKNOWN                 
1 83932U          19068.01140025  .00005978  00000-0  40819-2 0  9995
2 83932  21.4461   4.0199 6907945   3.9694 359.3728  2.72759777 22047
UNKNOWN                 
1 83934U          19067.88294168 -.00000104  00000-0  00000-0 0  9992
2 83934  10.9360 321.8296 0221505 198.3286 358.2421  1.02660390 19913
UNKNOWN                 
1 83952U          19068.07611361  .00000123  00000-0  37900-3 0  9994
2 83952  20.3233 218.3029 7177141  75.5192 348.6915  2.31839944 26674
UNKNOWN                 
1 83962U          19042.77638718  .00004898  00000-0  20050-2 0  9999
2 83962  18.6393 265.4700 6727106 248.2678  30.8981  2.98210262 38529
UNKNOWN                 
1 83970U          19068.23083060  .00000104  00000-0  11444-3 0  9995
2 83970  18.3103  72.0764 5243041 140.1327 273.5345  5.09492824 67452
UNKNOWN                 
1 83975U          19066.32799664 -.00000126  00000-0  00000-0 0  9990
2 83975  19.2599  93.3316 7005135  44.1536 354.1785  2.15280710 29086
UNKNOWN                 
1 83999U          19066.01679202 -.00000002  00000-0  00000-0 0  9990
2 83999  64.7548  86.8366 6786937  27.2152 356.2108  2.12138036 11234
UNKNOWN                 
1 84006U          19068.17098380 -.00000075  00000-0  00000-0 0  9991
2 84006  23.4294 296.3036 6108920 305.5851  11.7129  2.16232424 30781
UNKNOWN                 
1 84026U          19065.39689057  .00005715  00000-0  36819-2 0  9995
2 84026  21.7494 124.7176 6283138  62.9778 346.7944  3.57138280 34491
UNKNOWN                 
1 84045U          19067.84879732 -.00000062  00000-0 -38118-2 0  9995
2 84045  18.6294 279.7794 7285047 273.5250  13.3344  2.08711610 27121
UNKNOWN                 
1 84071U          19065.85536460  .00002853  00000-0  15604-2 0  9994
2 84071  20.6252  86.0320 7051945 316.0956   5.7379  2.55136896 38905
UNKNOWN                 
1 84079U          19067.42261277  .00002575  00000-0  12511-2 0  9993
2 84079  62.7272  29.6838 4093401 126.9395 278.0688  7.03242926150301
UNKNOWN                 
1 84136U          19066.77694815  .00066388  00000-0  54202-2 0  9997
2 84136  51.4231 342.6193 2370747  37.6000 336.8988 10.52572687234663
UNKNOWN                 
1 84159U          19066.22091414  .00004223  00000-0  52417-1 0  9993
2 84159  65.2385 121.3007 5871674 320.3718  54.3739  3.84411968203060
UNKNOWN                 
1 84170U          19068.07353396  .00005682  00000-0  21837-2 0  9994
2 84170  21.2099  35.5829 7037871 313.3377   6.3301  2.57908553 28307
UNKNOWN                 
1 84188U          19065.77724176  .00007394  00000-0  12919-1 0  9997
2 84188  64.7218 243.9558 5109849 184.9559 167.0296  5.19930605239533
UNKNOWN                 
1 84221U          19068.34178398  .00000024  00000-0  00000-0 0  9990
2 84221  22.4000 140.8639 7284984 145.8420 295.8885  1.91447292 20516
UNKNOWN                 
1 84232U 79104    19068.15183217  .00001159  00000-0  14761-2 0  9999
2 84232  20.5064  64.2737 6955676   3.0056 359.5333  2.64504679 34758
UNKNOWN                 
1 84249U          19067.27972996  .00000587  00000-0  12180-2 0  9995
2 84249  64.7077  14.1885 5686597  30.5498 352.7701  4.33960465 39908
UNKNOWN                 
1 84277U          19066.83495577  .00005927  00000-0  49822-2 0  9998
2 84277  65.1378 344.6477 5491076   8.9580 357.8164  4.70360523 34198
UNKNOWN                 
1 84292U          19068.59812958  .00034119  00000-0  22599-2 0  9993
2 84292  23.8898 141.4935 5162651  41.0662 348.1164  5.41455977 82236
UNKNOWN                 
1 84342U          19041.85419050 -.02701348  00000-0 -19539+0 0  9991
2 84342  21.7536 244.5488 6242828  97.1928 334.7954  3.72653858 37530
UNKNOWN                 
1 84346U          19068.33882286  .00006492  00000-0  12994-2 0  9997
2 84346  21.0359 355.2508 7000129  29.4342 355.9966  2.64776125 17324
UNKNOWN                 
1 84353U          19068.07969856  .00000060  00000-0  00000-0 0  9993
2 84353  18.5124 181.5667 6688472 152.9254 268.7568  2.03734023 17755
UNKNOWN                 
1 84407U          19066.95891489  .00000181  00000-0  21854-1 0  9999
2 84407  19.5566 345.9512 7202855 147.4859 291.1562  2.05580535 24985
UNKNOWN                 
1 84414U          19068.57302389  .00010707  00000-0  11646-2 0  9997
2 84414  65.2815 349.0617 4411332  61.0498 336.0801  6.65367484 59707
UNKNOWN                 
1 84415U          19067.52629452  .00002133  00000-0  78118-3 0  9997
2 84415  23.6972 209.8009 5662586  19.4093 355.4316  4.51572826 49915
UNKNOWN                 
1 84425U 10057    19063.75741177 -.00000061  00000-0 -48897-3 0  9992
2 84425  20.3567 286.8562 7170743 324.7157   4.3311  2.23601725 18844
UNKNOWN                 
1 84434U          19066.95226459  .00000708  00000-0  17178-2 0  9998
2 84434  19.8930 203.5574 7179738 112.5421 334.0163  2.33376816 27816
UNKNOWN                 
1 84452U          19068.38201910  .00002283  00000-0  26530-3 0  9995
2 84452   2.8393 208.2404 6425391  86.2626 339.6916  3.44596836 63509
UNKNOWN                 
1 84479U          19068.47917682  .00005291  00000-0  28688-2 0  9991
2 84479  23.4153 103.8147 5252455 355.3897   1.2678  5.11052222 27041
UNKNOWN                 
1 84480U          19068.65559022  .00002280  00000-0  98705-3 0  9996
2 84480  45.9371 288.3777 4575754  58.1406 338.5280  6.23216067103060
UNKNOWN                 
1 84481U          19068.46479979 -.00000107  00000-0 -16020-4 0  9997
2 84481  64.9554  52.3200 5899163  17.5217 356.2498  4.04945936 34789
UNKNOWN                 
1 84565U          19062.54442839 -.00000097  00000-0  50952-3 0  9996
2 84565   2.3369 302.9092 7223665 230.1201  39.5557  2.27018267  7071
UNKNOWN                 
1 84575U          19048.67705377 -.00000236  00000-0 -83438-2 0  9994
2 84575  18.2956 269.2965 7111850 297.6677   8.7572  2.19774548 10689
UNKNOWN                 
1 84585U 77068    19047.79529113 -.00000158  00000-0  00000-0 0  9991
2 84585  32.1148   8.8429 2138278 282.0086  53.9542  0.94773170120266
UNKNOWN                 
1 84588U          19063.24622514  .00001866  00000-0  99138-3 0  9992
2 84588   2.0803 225.1245 7064582 296.1101   9.0873  2.54133112 58924
UNKNOWN                 
1 84597U          19066.56434536 -.00000160  00000-0 -75331-3 0  9992
2 84597  18.1788 210.2015 7279925  41.8673 355.0109  2.17582157 14566
UNKNOWN                 
1 84624U          19068.38970693  .00014890  00000-0  68800-2 0  9999
2 84624  64.4046 333.6997 5512964  25.3699 353.7496  4.72138692 30817
UNKNOWN                 
1 84646U          19068.50066550 -.00006304  00000-0 -27711-1 0  9993
2 84646  54.5927 202.5991 5942214  55.2753 347.1929  3.88240003144185
UNKNOWN                 
1 84911U          19068.61446779 -.00000577  00000-0 -55000-2 0  9994
2 84911   1.7479 247.9993 6581379  74.3525 129.2982  2.95833154 57411
UNKNOWN                 
1 84932U          19068.55917247  .00000512  00000-0  54135-2 0  9998
2 84932   2.2211 113.0505 6561382 314.3715 224.0464  2.98865146 57818
UNKNOWN                 
1 84950U          19068.61228691 -.00000425  00000-0  00000-0 0  9997
2 84950   2.7311  15.3046 6984834 277.7785 204.7489  2.04231309 39512
UNKNOWN                 
1 84961U          19067.31861188 -.00000048  00000-0  00000-0 0  9990
2 84961  11.2665 311.4271 0126257 207.0512 152.2525  0.98644976 41763
UNKNOWN                 
1 85004U          19067.27892567  .00000120  00000-0  55326-4 0  9994
2 85004  98.2769  91.8044 0051158  10.6912  47.9663 14.35564568 21303
UNKNOWN                 
1 85010U          19065.18023270  .00000325  00000-0  41778-3 0  9998
2 85010  99.4403 318.8393 0025598 221.5460 292.3528 13.70189985740002
UNKNOWN                 
1 85011U          19067.05147630  .00003841  00000-0  18244-2 0  9991
2 85011  70.9832 327.7713 0005759  17.5904 342.5419 14.20062187 70633
UNKNOWN                 
1 85015U          19067.68096532  .00000002  00000-0  68283-5 0  9995
2 85015  74.0472  72.0295 0016127 255.4983 104.4393 14.59575568770242
UNKNOWN                 
1 85023U          19068.24391300  .00000740  00000-0  34328-3 0  9998
2 85023  99.8736  64.9129 0001956 163.0266 264.4588 14.24435465274589
UNKNOWN                 
1 85025U          19066.85715350  .00000198  00000-0  14275-3 0  9996
2 85025  82.5366 263.6470 0022592 285.3607  74.5061 13.92091561220959
UNKNOWN                 
1 85027U          19065.28483645 -.00000036  00000-0  41049-4 0  9995
2 85027  66.0432  31.2503 0169652  61.6271 300.1781 13.73207382264919
UNKNOWN                 
1 85047U          19065.92857772 -.00000234  00000-0 -51710-3 0  9990
2 85047 102.4084 326.2222 0179155 231.3164 127.1790 13.03519575743664
UNKNOWN                 
1 85061U          19056.83591755  .00003206  00000-0  15287-1 0  9999
2 85061 102.5903 174.6302 0312872 256.3777 259.4422 12.61266836640824
UNKNOWN                 
1 85100U          19068.47583427  .00000052  00000-0  25538-4 0  9992
2 85100  74.0447  99.0925 0013640 225.1652 204.6712 14.38736798831137
UNKNOWN                 
1 85106U          19067.67125208  .00000101  00000-0  17085-3 0  9990
2 85106 100.0714   9.1206 0009830 155.4172 326.0847 13.70022644264458
UNKNOWN                 
1 85117U          19064.79854440  .00003754  00000-0  57307-3 0  9997
2 85117  70.0297 106.3882 0073338 216.1981 143.4191 14.72844641834840
UNKNOWN                 
1 85124U          19067.30092590  .00003429  00000-0  57462-3 0  9996
2 85124  82.2361  76.9651 0407139 341.4991  17.1737 14.26957009114154
UNKNOWN                 
1 85133U          19065.86458680  .00000732  00000-0  35078-3 0  9994
2 85133  98.9395  99.6775 0026768 227.5318 132.3596 14.22006753178774
UNKNOWN                 
1 85151U 86019    19068.37693407  .00000869  00000-0  31123-3 0  9993
2 85151  98.5255 261.0529 0016877  58.6957 301.5879 14.36408589122523
UNKNOWN                 
1 85159U          19067.50533173  .00001540  00000-0  84988-3 0  9998
2 85159  98.8388 331.8749 0082446  75.5374 285.4928 14.11215779149341
UNKNOWN                 
1 85175U          19064.90918923  .00003196  00000-0  74435-3 0  9992
2 85175 101.3794 319.1573 0163844  39.6662 321.6372 14.48055687263979
UNKNOWN                 
1 85205U          19059.10923789  .00000034  00000-0  19141-4 0  9990
2 85205  82.9606 353.9784 0037573  26.2040  33.0567 13.76326118265231
UNKNOWN                 
1 85210U 75052    19060.12101927 -.00000093  00000-0 -45914-4 0  9995
2 85210  99.8367 125.8227 0227014 173.1487 218.6673 13.67952957763995
UNKNOWN                 
1 85217U          19068.58479724  .00000180  00000-0  71194-4 0  9998
2 85217  98.0254 339.6052 0240147 300.6965  57.0751 14.25398401275206
UNKNOWN                 
1 85220U          19067.98261424  .00001584  00000-0  48384-3 0  9994
2 85220  99.4047 132.5658 0180157 313.8808  44.7612 14.34648025276157
UNKNOWN                 
1 85237U          19065.56287622  .00000528  00000-0  16045-3 0  9998
2 85237  65.5424  61.7097 0596410  46.6941 318.2286 13.79063655743096
UNKNOWN                 
1 85238U          19068.25688722 -.00000024  00000-0  13483-4 0  9990
2 85238  98.7896  74.3560 0064668  67.7274 356.2716 13.87900398984327
UNKNOWN                 
1 85246U          19068.53685481  .00000173  00000-0  83872-4 0  9992
2 85246  98.0039 274.6019 0239817 327.3898  31.2657 14.15105211287647
UNKNOWN                 
1 85264U 99057    19068.36105708  .00002198  00000-0  16173-3 0  9990
2 85264  98.2672 118.1164 0221266 104.7274 257.8575 14.86996496120887
UNKNOWN                 
1 85266U          19066.94454588  .00003440  00000-0  14583-2 0  9990
2 85266  62.6910 285.5651 3714486 106.1659 297.2133  7.71571747165337
UNKNOWN                 
1 85283U 78098    19062.05096492  .00001448  00000-0  37785-3 0  9991
2 85283  99.7031 279.7556 0031850 323.9882  35.9162 14.51102004180799
UNKNOWN                 
1 85292U          19058.77283812  .00000927  00000-0  27518-3 0  9991
2 85292  65.8157 204.9596 0062089 224.5138 133.3164 14.47131611827103
UNKNOWN                 
1 85370U          19066.92458542  .00000336  00000-0  35337-3 0  9990
2 85370 100.0131 100.5627 0007390   0.6420 121.4801 13.82958122771589
UNKNOWN                 
1 85373U          19068.65000712  .00000786  00000-0  67300-3 0  9991
2 85373 100.4072 127.5828 0055677 187.7385 326.5273 13.89950819268225
UNKNOWN                 
1 85383U          19067.40527625  .00000906  00000-0  27700-3 0  9995
2 85383  98.7039 126.5669 0109882 223.0168 136.2391 14.40993351228691
UNKNOWN                 
1 85386U          19068.67443547  .00001065  00000-0  29891-3 0  9998
2 85386  98.6676 138.3995 0120796 172.6858 341.3778 14.43967666278972
UNKNOWN                 
1 85422U          19054.53666130 -.00000366  00000-0  00000+0 0  9995
2 85422  11.9110  10.7610 6705233 180.4420 186.2360  0.91116969    15
UNKNOWN                 
1 85423U          19055.46934550 -.00000408  00000-0  00000+0 0  9990
2 85423  27.6000  10.5870 8300324 180.3610 180.0670  1.04464171    10
UNKNOWN                 
1 85438U          19045.84982640 -.00000079  00000-0  00000+0 0  9994
2 85438   1.2070 277.9670 3400174 180.0040 172.2350  1.56285899    14
UNKNOWN                 
1 85440U          19044.67018520 -.00000074  00000-0  00000+0 0  9999
2 85440   1.3980 277.1200 4120366 180.1710 174.6380  1.68920586    18
UNKNOWN                 
1 87001U          19065.52296042  .00003701  00000-0  16618-1 0  9991
2 87001 105.0934 296.4321 0205281 337.4036  21.8094 12.73435158948713
UNKNOWN                 
1 87011U          19066.50621619 -.00000117  00000-0 -97164-4 0  9991
2 87011  67.0354 100.9649 0266179 230.8684 126.8433 13.27574223256416
UNKNOWN                 
1 87013U          19067.32955479  .00002954  00000-0  34646-2 0  9991
2 87013  65.5577 150.3349 1451608  19.0905 345.9097 11.61128250154699
UNKNOWN                 
1 87014U          19068.03240109  .00000586  00000-0  11289-2 0  9995
2 87014 100.4971 248.9586 0047511  25.4239  99.1322 13.41631729329040
UNKNOWN                 
1 87021U          19068.57164061  .00147074  61324-5  28043-2 0  9995
2 87021  63.3000 342.5682 1256932 303.5854  45.1247 13.08888613155143
UNKNOWN                 
1 87027U          19067.54622457 -.00000012  00000-0  00000-0 0  9996
2 87027  64.2522 241.6366 3905203  83.3644 318.6041  6.72749916 91975
UNKNOWN                 
1 87029U          19064.38300185  .00000217  00000-0  17552-3 0  9997
2 87029  99.0188 132.9188 0068551 280.8308  78.5146 13.99605069246640
UNKNOWN                 
1 87041U          19065.92011080 -.00000131  00000-0 -47646-3 0  9999
2 87041  67.3202  40.5171 0351042 208.3783 149.7704 12.43271846786704
UNKNOWN                 
1 87042U          19044.40030434  .00000123  00000-0  10623-3 0  9998
2 87042  98.9747 118.5338 0045088 227.2678 132.4690 14.03412950206254
UNKNOWN                 
1 87051U          19067.18809790  .00000149  00000-0  86546-4 0  9993
2 87051  65.7319 316.3194 0761182 168.2645 193.7319 13.35562618257825
UNKNOWN                 
1 87053U          19068.42668972  .00020735  95381-6  86555-3 0  9992
2 87053  63.1082 116.9875 2781550  37.3069 339.1849  9.80514407183162
UNKNOWN                 
1 87054U          19067.07830211  .00000322  00000-0  25860-3 0  9990
2 87054 100.0656  10.7678 0017303  48.2794 311.9843 13.98983136269839
UNKNOWN                 
1 87065U          19066.88882228  .00000291  00000-0  39907-3 0  9997
2 87065  98.7010 227.3841 0342259 122.3443 241.1312 13.43285168184248
UNKNOWN                 
1 87071U          19068.04857550  .00000666  00000-0  31345-3 0  9998
2 87071  61.2223 235.8070 0576089 141.7146 222.6273 13.64689717971323
UNKNOWN                 
1 87074U          19067.56079455  .00000189  00000-0  27942-3 0  9995
2 87074  66.1423 126.1129 0151083 188.2665 171.5907 13.69959551807431
UNKNOWN                 
1 87076U          19067.55084720  .00000331  00000-0  10873-2 0  9990
2 87076  67.7594  46.0637 0641060  58.8600 307.3677 12.54572701242700
UNKNOWN                 
1 87079U          19068.24914226  .00003142  00000-0  36688-3 0  9999
2 87079  70.3315  17.9367 0028452  19.3941 340.8290 14.85845108892877
UNKNOWN                 
1 87082U          19067.50077339  .00001759  00000-0  12915-3 0  9995
2 87082  97.4053  64.8382 0174473 118.0605 243.8382 14.93265579240819
UNKNOWN                 
1 87091U          19067.03751058  .00004365  00000-0  29844-3 0  9995
2 87091  65.7026 301.1566 0157151  72.3581 289.4633 14.97862976857342
UNKNOWN                 
1 87094U          19067.65091446  .00002789  00000-0  75658-3 0  9996
2 87094  99.7901  25.3143 0132127 129.5699 231.7246 14.43557710277222
UNKNOWN                 
1 87107U          19056.35430398  .00006870  00000-0  61614-3 0  9991
2 87107  98.9289  20.1183 0029736  34.8233 325.4922 14.95823818237216
UNKNOWN                 
1 87113U          19067.97271128  .00000834  00000-0  16255-3 0  9997
2 87113  65.6656 266.7124 0364129  43.2845  28.2433 14.34347492944869
UNKNOWN                 
1 87129U          19067.97570305  .00000058  00000-0  76896-3 0  9998
2 87129 102.4341  86.0819 0029537 301.9146  57.9045 12.41871254239870
UNKNOWN                 
1 87134U          19068.35296596  .00000369  00000-0  73881-3 0  9990
2 87134  66.6716  65.4768 0464835  35.7557 327.3679 13.09149208861767
UNKNOWN                 
1 87143U          19043.50589831  .00000032  00000-0  00000-0 0  9994
2 87143  26.2098  97.7492 3769817 210.1621 121.4848  6.74497806507162
UNKNOWN                 
1 87149U          19060.08820977 -.00000910  00000-0 -79836-3 0  9994
2 87149  63.0047 329.8497 3274694 204.5203 135.6935  8.35044143686918
UNKNOWN                 
1 87159U          19067.02360893  .00000400  00000-0  49845-3 0  9991
2 87159  90.3142 348.5576 0121770 352.0559   7.8666 13.60326890577321
UNKNOWN                 
1 87163U          19068.19640628  .00000067  00000-0  54745-4 0  9997
2 87163  65.6026 112.6391 0700691  57.3199 309.3461 13.49904772243104
UNKNOWN                 
1 87164U          19067.70063576  .00000622  00000-0  20512-3 0  9996
2 87164  65.2048 149.4425 0147609 352.6445   7.2477 14.39907674873003
UNKNOWN                 
1 87180U          19067.41102526  .00000460  00000-0  49498-3 0  9995
2 87180  65.9172  83.4983 0017224  57.3116 302.9610 13.82985710266751
UNKNOWN                 
1 87203U          19063.34723402  .00001296  00000-0  33206-3 0  9999
2 87203  98.9152 270.7662 0065633 297.1486  62.3025 14.50975074192277
UNKNOWN                 
1 87204U          19067.40911123  .00000325  00000-0  17230-3 0  9991
2 87204  98.7822 298.6518 0050995 287.1008  72.4587 14.19827792927531
UNKNOWN                 
1 87211U          19067.38876450  .00000345  00000-0  14532-3 0  9993
2 87211  99.0994 278.9112 0068068 184.8545 300.1987 14.31110910353307
UNKNOWN                 
1 87213U          19067.87133292  .00001765  00000-0  26169-3 0  9995
2 87213  99.0483 101.7811 0066527 292.2027  67.2130 14.75209407195862
UNKNOWN                 
1 87214U          19067.75303253  .00000422  00000-0  46141-3 0  9990
2 87214 100.2941 173.6385 0076622  91.2823 269.7104 13.77964702259452
UNKNOWN                 
1 87222U          19067.54981796  .00003335  00000-0  25112-3 0  9991
2 87222  98.9602 184.3555 0072340 264.3018  94.9945 15.01354838376372
UNKNOWN                 
1 87228U          19067.40581594  .00001634  00000-0  63215-3 0  9990
2 87228  98.9274 146.1499 0048548 162.7205 197.5642 14.30857387250001
UNKNOWN                 
1 87235U          19067.76243641  .00000531  00000-0  21687-3 0  9997
2 87235  98.8829 178.4573 0157627 171.3649 189.0300 14.25039630251311
UNKNOWN                 
1 87237U          19067.20860160  .00000106  00000-0  11796-3 0  9997
2 87237  99.4625  64.7721 0106750  82.9745 334.6447 13.89738029343769
UNKNOWN                 
1 87239U          19067.99962934  .00000900  00000-0  38493-3 0  9992
2 87239  82.8848 308.2854 0032074  34.4704 325.8551 14.23708101927180
UNKNOWN                 
1 87245U          19067.17799948  .00000008  00000-0  30711-4 0  9997
2 87245  65.6641 357.8941 0534767 225.1491 203.0912 13.92446813268542
UNKNOWN                 
1 87249U          19057.12268159  .00116267  00000-0  18460-2 0  9990
2 87249  86.3460 299.3985 0005195  91.5590 268.6266 15.52931577114932
UNKNOWN                 
1 87256U          19068.42035768  .00000440  00000-0  29378-3 0  9997
2 87256  98.9435 141.7173 0047175 134.2661 226.2393 14.05731612246828
UNKNOWN                 
1 87270U          19054.94827453  .00003264  00000-0  44698-2 0  9993
2 87270  61.2595 262.6990 4068109 162.9577 216.3332  6.90316183 51523
UNKNOWN                 
1 87271U          19067.59847986  .00000750  00000-0  19599-3 0  9992
2 87271  65.7738 135.9251 0573418 230.2250 124.6977 13.87018324  1432
UNKNOWN                 
1 87280U          19067.75231619  .00000007  00000-0  14428-3 0  9991
2 87280  64.6164 213.1378 0096016 129.1103 231.8521 13.46690950200948
UNKNOWN                 
1 87284U          19040.95063960  .00000935  00000-0  66160-1 0  9998
2 87284  89.4148  28.6510 1895466 305.1602  38.5773  8.72274119119569
UNKNOWN                 
1 87293U          19068.34079256  .00000053  00000-0  41000-4 0  9996
2 87293  65.9114  29.4566 0536208 230.3323 124.9286 13.91656178904102
UNKNOWN                 
1 87300U          19065.70772796  .00000256  00000-0  23932-3 0  9999
2 87300 100.0512 154.8457 0030560 349.5000  10.5515 13.92145601810590
UNKNOWN                 
1 87304U          19067.69167369  .00000129  00000-0  28198-4 0  9996
2 87304  74.0183  75.3543 0022198 307.3691  52.5456 14.67830535865328
UNKNOWN                 
1 87305U          19064.07170384  .00001039  00000-0  21659-3 0  9992
2 87305  73.9979 304.7093 0034800 334.7105  25.2356 14.60940480111454
UNKNOWN                 
1 87313U          19067.85985805 -.00000031  00000-0  36631-4 0  9991
2 87313  65.8410 250.2745 0201989 121.7874 240.3046 13.88485902844656
UNKNOWN                 
1 87320U          19068.63607197  .00000265  00000-0  22619-3 0  9999
2 87320  66.5987 156.2660 0447546 174.1812 186.4709 13.61417084256893
UNKNOWN                 
1 87328U          19068.35442490  .00002087  00000-0  24925-3 0  9995
2 87328  65.7637 165.2932 0249717 155.8201 205.4874 14.67041331877107
UNKNOWN                 
1 87331U          19067.88810067  .00005411  00000-0  23647-3 0  9999
2 87331  66.9092  22.6523 0023963 300.8071  59.0717 15.22744567291563
UNKNOWN                 
1 87333U          19067.54949682  .00000023  00000-0  87837-4 0  9996
2 87333  66.5369 139.6362 0029287 341.5600  18.4410 13.85766778267830
UNKNOWN                 
1 87334U          19068.39417018  .00002439  00000-0  34180-2 0  9998
2 87334  89.9733 272.6928 0078497  91.0299 269.9850 13.55759906 48749
UNKNOWN                 
1 87335U          19068.53702573  .00002339  00000-0  32554-2 0  9990
2 87335  89.9682 272.5089 0086544  83.4400 277.6597 13.55911588 48774
UNKNOWN                 
1 87342U          19067.57686332  .00000172  00000-0  38869-2 0  9993
2 87342 102.3570 344.3291 0651881 189.7175 169.0670 11.24784633766150
UNKNOWN                 
1 87350U          19068.58423498  .00000317  00000-0  11648-3 0  9994
2 87350  98.1012 347.2881 0254775 343.0098  16.2665 14.22587375274649
UNKNOWN                 
1 87359U          19067.11657983  .00000138  00000-0  24427-3 0  9999
2 87359  65.8501 304.7365 0136186  16.4665 344.0752 13.66562600265081
UNKNOWN                 
1 87382U          19066.73435130  .00008310  00000-0  17369-2 0  9996
2 87382  70.9721 184.4353 0024112  34.7609 325.5106 14.59899387193001
UNKNOWN                 
1 87397U          19067.80542437  .00002805  00000-0  55912-3 0  9990
2 87397  81.2347 241.4531 0010305 292.1127  67.8978 14.61780692194366
UNKNOWN                 
1 87405U          19067.07452080  .00000324  00000-0  25705-3 0  9994
2 87405  82.7614 189.0181 0054139 183.9992 176.0746 13.87815882267675
UNKNOWN                 
1 87415U          19063.11349132  .00000622  00000-0  61877-3 0  9990
2 87415  65.3573 328.1821 0032470 258.2222 101.5199 13.85410856748859
UNKNOWN                 
1 87416U          19067.16716521  .00000687  00000-0  28944-3 0  9999
2 87416  82.8359 238.1450 0018439 108.2916 252.0275 14.24357285255925
UNKNOWN                 
1 87423U          19065.69212753  .00003658  00000-0  45936-3 0  9992
2 87423  98.8211 334.0370 0059705 253.9400 105.5230 14.81624710192613
UNKNOWN                 
1 87426U          19067.32797515  .00000178  00000-0  14145-3 0  9993
2 87426  65.8100  55.0000 0070266 149.5232 278.2242 14.12324819874591
UNKNOWN                 
1 87433U          19065.77597910  .00000231  00000-0  54770-3 0  9993
2 87433 100.3033 183.6941 0040348  57.0041 303.4950 13.34957043102135
UNKNOWN                 
1 87442U          19068.39598551  .00120069  00000-0  35037-1 0  9991
2 87442  61.9247 102.0212 1182535  21.8600 342.8773 12.60775668 92278
UNKNOWN                 
1 87448U          19067.91600988  .00000782  00000-0  75345-3 0  9999
2 87448 100.4253 323.9910 0069941  71.7614 348.9635 13.82706145267066
UNKNOWN                 
1 87455U          19065.36827945  .00010135  00000-0  55094-3 0  9990
2 87455  63.3927  62.1364 3031656 247.8003  77.6308  9.27943363880330
UNKNOWN                 
1 87456U          19067.05338179  .00000356  00000-0  89356-4 0  9998
2 87456  65.7934 319.2024 0621619 166.6114 195.2340 13.85158747267274
UNKNOWN                 
1 87468U          19067.79567438  .00000867  00000-0  11537-3 0  9996
2 87468  74.0143 107.1399 0067541 141.5268 219.0752 14.79858135113309
UNKNOWN                 
1 87491U          19066.29866978  .00001133  00000-0  30155-3 0  9991
2 87491  98.6751  99.4351 0075502 145.5233 215.0891 14.48871478222868
UNKNOWN                 
1 87501U          19067.52819644  .00002555  00000-0  86554-3 0  9991
2 87501  74.0364 141.6017 0021770  91.5009 268.8639 14.37135356111764
UNKNOWN                 
1 87517U          19068.27630966  .00000567  00000-0  21461-3 0  9996
2 87517  65.8312  16.0685 0728907  38.3210  30.9232 13.44984590259586
UNKNOWN                 
1 87518U          19068.53431943  .00014388  00000-0  65133-3 0  9990
2 87518  65.7955 111.3886 0003919 289.9802  70.0912 15.21079684289186
UNKNOWN                 
1 87520U          19067.81460589  .00001339  00000-0  31539-2 0  9995
2 87520 101.7127  26.6825 0207343 321.3898  37.2539 13.18808564904584
UNKNOWN                 
1 87521U          19051.02480098  .00016457  00000-0  27544-2 0  9997
2 87521  63.3404  64.6526 2355504 309.1227  32.2362 10.42674936150020
UNKNOWN                 
1 87541U          19061.26853369 -.00000154  00000-0 -21860-3 0  9996
2 87541  99.9323 336.4141 0060300 102.9441  50.1294 13.34773925795527
UNKNOWN                 
1 87553U          19067.74790423  .00000336  00000-0  13956-3 0  9996
2 87553  65.6719 129.5117 0751576 237.8824 114.7155 13.41261707814475
UNKNOWN                 
1 87556U          19068.21387783  .00001241  00000-0  12355-3 0  9991
2 87556  97.8483 155.6484 0103517 190.2890 169.6210 14.89605863245535
UNKNOWN                 
1 87557U          19067.95247059  .00001238  00000-0  36134-2 0  9999
2 87557 101.8549 335.3020 0099212 333.5652  26.0411 13.10284825755340
UNKNOWN                 
1 87561U          19068.38739785 -.00000124  00000-0 -62362-3 0  9992
2 87561 102.3062 132.6595 0175614 109.6228 312.8166 12.32250153735608
UNKNOWN                 
1 87565U          19068.22605367  .00000115  00000-0  98493-4 0  9990
2 87565  99.9640 168.8134 0180750 334.2593  24.9656 14.00277016818996
UNKNOWN                 
1 87569U          19066.43745465 -.00000042  00000-0  28254-4 0  9997
2 87569 101.8212 143.9811 0056268  91.3282 333.0650 12.68461621244996
UNKNOWN                 
1 87574U          19067.84852251  .00003290  00000-0  57311-3 0  9993
2 87574  74.0054 144.6482 0068248  48.6706 312.0307 14.66944380168805
UNKNOWN                 
1 87587U          19067.44699945  .00000019  00000-0  14708-4 0  9992
2 87587  74.0270 345.9935 0022041 260.9714  98.8945 14.38781969278290
UNKNOWN                 
1 87590U          19068.04520294 -.00000026  00000-0  11687-4 0  9995
2 87590  99.0757  97.3914 0027304  19.6224   8.9957 14.07317299807502
UNKNOWN                 
1 87591U          19068.53303305  .00000836  00000-0  42057-3 0  9994
2 87591  81.2249 156.7014 0028073  75.8336 284.5954 14.15462110223047
UNKNOWN                 
1 87594U          19067.10530744 -.00000029  00000-0  10443-3 0  9997
2 87594  63.1310 255.4434 0087252  85.6555 275.4432 13.44736823307541
UNKNOWN                 
1 87616U          19065.68713425  .00001048  00000-0  38098-2 0  9998
2 87616  66.0412 318.0281 0635002 109.9906 286.4328 12.44398499855679
UNKNOWN                 
1 87624U          19067.84725816  .00000272  00000-0  73159-4 0  9991
2 87624  98.7402 216.2148 0130559 234.8742 124.0159 14.51961804220652
UNKNOWN                 
1 87632U          19066.65475808  .00001076  00000-0  89417-1 0  9995
2 87632  86.3640 303.3925 1767209  91.5838 288.7154  8.77339179115271
UNKNOWN                 
1 87642U          19065.22223137  .00001290  00000-0  10949-3 0  9998
2 87642  62.2299 276.8569 0153849 278.0300  80.3358 14.95086359280199
UNKNOWN                 
1 87650U          19068.30952754  .00000928  00000-0  40953-3 0  9998
2 87650 100.2829 101.5907 0043485  30.7493 329.6215 14.25949032833396
UNKNOWN                 
1 87656U          19067.29310782  .00002344  00000-0  61035-3 0  9998
2 87656  99.1501  93.1966 0011773 230.9180 129.0965 14.50592102640512
UNKNOWN                 
1 87664U          19065.19910306  .00000058  00000-0  26631-3 0  9995
2 87664  99.7726 147.4263 0219890 242.5991 142.9275 13.05908621366966
UNKNOWN                 
1 87672U          19067.13109135  .00000110  00000-0  76965-4 0  9995
2 87672  70.8598 241.9200 0061523  44.9069 315.7007 14.17531515273464
UNKNOWN                 
1 87681U          19066.85486981  .00000242  00000-0  34506-3 0  9990
2 87681  66.7367 162.6896 0167147 350.0441   9.7326 13.66469374796242
UNKNOWN                 
1 87690U          19067.56183935  .00000412  00000-0  90225-4 0  9992
2 87690  65.7988 126.5724 0685583 194.8604 163.1387 13.76645878828674
UNKNOWN                 
1 87692U          19068.29662046  .00008816  00000-0  10495-2 0  9995
2 87692  70.8608 140.1903 0020745 263.9997  95.8797 14.84447419626964
UNKNOWN                 
1 87706U          19068.10257267  .00000276  00000-0  80008-4 0  9997
2 87706  98.4759 170.6152 0137132 234.5503 248.7629 14.47286659220063
UNKNOWN                 
1 87725U          19068.57527159  .00001415  00000-0  48676-3 0  9999
2 87725  82.8983 172.4021 0032421 244.2753 115.5089 14.35152726276678
UNKNOWN                 
1 87727U          19068.51968730  .00002658  00000-0  58150-3 0  9997
2 87727  70.9849 126.0596 0005271 260.3005  99.7545 14.58675116280137
UNKNOWN                 
1 87730U          19067.27520606  .00000029  00000-0  14394-4 0  9992
2 87730  82.9411 262.0050 0030876  51.5482 308.8437 13.74128067557162
UNKNOWN                 
1 87732U          19067.19136454  .00013659  00000-0  10892-2 0  9999
2 87732  98.6991 212.1936 0068115  18.7350 341.6353 14.98626837195071
UNKNOWN                 
1 87737U          19067.37259458 -.00000017  00000-0  29555-4 0  9997
2 87737  99.7223 276.0843 0134385 112.2477 249.2985 13.71961240812839
UNKNOWN                 
1 87764U          19067.91607733  .00000692  00000-0  17277-3 0  9995
2 87764  65.6730 238.2269 0498139 213.3716 227.0577 14.02857349914658
UNKNOWN                 
1 87771U          19067.18730220 -.00000020  00000-0  63696-4 0  9993
2 87771 100.5165 197.2950 0120618 216.3150 142.9734 13.18946935209212
UNKNOWN                 
1 87782U          19068.53804779  .00000917  00000-0  37804-2 0  9990
2 87782 102.4496 333.9675 0041068 149.7714 210.5756 12.88458776248789
UNKNOWN                 
1 87784U          19068.32591228  .00051021  00000-0  25242-2 0  9996
2 87784  62.1568 353.6253 1435565 165.3538 199.4061 12.53870959 90335
UNKNOWN                 
1 87817U          19062.04452762  .00001826  00000-0  15083-3 0  9996
2 87817  62.7670 298.9153 0164533 190.9599 168.7896 14.93034794659382
UNKNOWN                 
1 87818U          19068.58375412  .00024757  00000-0  32561-2 0  9995
2 87818  61.8437 245.7074 3954936 108.3212 297.9712  7.44322113 93419
UNKNOWN                 
1 87841U          19068.20851454  .00002001  00000-0  10698-2 0  9990
2 87841 102.8847 205.0666 0197627 334.6398  24.5156 14.05674895853731
UNKNOWN                 
1 87843U          19045.06533315  .00001400  00000-0  35836-2 0  9997
2 87843  99.6761 353.9395 0251851  40.0904 321.8497 13.09153878766576
UNKNOWN                 
1 87845U          19068.00469975 -.00000316  00000-0 -55873-3 0  9999
2 87845  98.8683 130.3525 0597063 149.0930 214.6790 12.83672801758525
UNKNOWN                 
1 87848U          19068.42214522  .00000110  00000-0  26188-4 0  9992
2 87848  74.0128  91.2088 0020466 348.9438  11.1278 14.65533153283104
UNKNOWN                 
1 87878U          19065.05756461  .00000330  00000-0  15155-3 0  9999
2 87878  99.1615  10.2725 0041086 221.1282 138.6798 14.27942042758417
UNKNOWN                 
1 87883U          19065.32654445  .00000164  00000-0  77418-4 0  9990
2 87883  99.3513 261.6680 0299485 112.1070 251.2181 14.11793963223050
UNKNOWN                 
1 87884U          19067.99680143 -.00000244  00000-0 -11479-3 0  9995
2 87884  98.5079 264.4579 0156768 191.8664 167.8793 14.04277735271472
UNKNOWN                 
1 87898U          19065.33283059  .00001025  00000-0  40523-3 0  9999
2 87898  98.9446 250.6867 0137996 261.4028  97.1495 14.26224535669262
UNKNOWN                 
1 87934U          19067.42825525  .00000055  00000-0  42454-4 0  9990
2 87934  82.9388 325.3539 0032075  65.0972  56.7006 13.72751255687662
UNKNOWN                 
1 87942U          19065.37581704  .00000632  00000-0  77756-4 0  9993
2 87942  99.0864 222.9007 0149787  47.2281 343.9692 14.79950102353320
UNKNOWN                 
1 87960U          19066.89668594  .00000228  00000-0  85207-3 0  9994
2 87960  67.6337  26.6335 0614539   3.6348  26.3897 12.54342401774336
UNKNOWN                 
1 87970U          19066.48007793  .00009311  00000-0  61922-3 0  9998
2 87970  99.0243 163.3012 0050025 174.3112 185.8690 15.06418132235151
UNKNOWN                 
1 87972U          19065.50061686  .00003154  00000-0  12052-2 0  9991
2 87972  98.8088 331.3499 0183159  26.5454 334.4963 14.22624549222457
UNKNOWN                 
1 87991U          19056.56879816 -.00001789  00000-0 -37631-2 0  9994
2 87991  28.6210 171.6952 0921811 144.1689 222.4356 12.29377088341370
UNKNOWN                 
1 87997U          19068.44772508  .00035203  00000-0  14846-2 0  9999
2 87997  63.1841 245.1697 1754960   4.3222 357.0850 11.89828029208123
UNKNOWN                 
1 87998U          19068.39315686  .00000183  00000-0  13370-3 0  9995
2 87998  98.8339 128.4970 0027966  36.1570 324.1483 14.07605354201065
UNKNOWN                 
1 88028U          19067.98817927 -.00000029  00000-0  49819-4 0  9997
2 88028  21.3705  79.0705 7081225 230.2536  42.6988  2.44198313 42356
UNKNOWN                 
1 88049U          19068.28702716 -.00000227  00000-0 -82134-2 0  9999
2 88049  64.6156 139.4762 5383802  62.8181 359.7362  4.30571948 83227
UNKNOWN                 
1 88050U          19068.30803682  .00012013  00000-0  20027-1 0  9994
2 88050  65.4131 139.6079 5058956   3.9508 358.9558  5.28341224 75063
UNKNOWN                 
1 88069U          19067.82617121  .00007163  00000-0  22740-2 0  9996
2 88069  22.9210 305.9127 6035546 127.6705 303.8766  3.96434950114780
UNKNOWN                 
1 88078U          19065.28083705  .00000764  00000-0  23492-2 0  9994
2 88078 101.4442   2.5463 0268204 342.5873  16.6165 12.98149028755650
UNKNOWN                 
1 88079U          19068.63936160  .00011076  00000-0  15137-2 0  9994
2 88079  20.6929 231.1981 4883719 338.0227   6.6455  5.82802933 79150
UNKNOWN                 
1 88096U          19067.83574641  .00004471  00000-0  33713-2 0  9997
2 88096  64.9844 303.0814 5273876 172.0550 201.7913  5.04461537128341
UNKNOWN                 
1 88107U          19067.99887731 -.00000005  00000-0  25051-3 0  9991
2 88107  20.8084 354.8451 6732234 130.3653 311.2490  2.86877460 36047
UNKNOWN                 
1 88110U          19068.28022353  .00152941  00000-0  68172-2 0  9995
2 88110  23.7965  73.3071 4522612 278.9732  34.0823  6.52925656 55155
UNKNOWN                 
1 88117U          19068.56641777 -.00000088  00000-0 -75215-4 0  9994
2 88117  20.3858 220.5603 4913044   7.9553 357.5796  5.58716651 79399
UNKNOWN                 
1 88120U          19066.37896229  .00001335  00000-0  53998-2 0  9995
2 88120  22.4297 218.9520 7373263 203.1875  89.6142  2.08529896 27504
UNKNOWN                 
1 88138U          19067.86340476  .00000319  00000-0  22930-3 0  9991
2 88138  82.5189 128.2590 0028346 210.2680 269.7220 13.94044459268863
UNKNOWN                 
1 88153U          19066.01743444  .00000001  00000-0  00000-0 0  9995
2 88153  63.7806  76.3655 6288034 240.9253  42.9794  2.98452561 45292
UNKNOWN                 
1 88173U          19067.56006896  .00000796  00000-0  58426-3 0  9990
2 88173  99.1523 355.2548 0161244  19.8415 340.8921 13.92680130256560
UNKNOWN                 
1 88203U          19068.54705430  .00005252  00000-0  25147-2 0  9998
2 88203  64.8627  33.5923 5899742  18.9832 355.9078  4.13989059 43839
UNKNOWN                 
1 88216U          19059.80460341  .00000148  00000-0  42973-3 0  9996
2 88216  21.7839 273.1979 6647704 167.6636 224.4486  2.97296939 40835
UNKNOWN                 
1 88230U          19064.95698456 -.00000608  00000-0 -46047-3 0  9993
2 88230  49.0638  27.2484 5590919 258.2232  37.1359  4.55864929 63898
UNKNOWN                 
1 88238U          19068.22388000  .00000725  00000-0  77627-3 0  9992
2 88238  21.8190  33.9219 7052584 301.8288   8.3633  2.53093558 54529
UNKNOWN                 
1 88241U          19067.18260486  .00036361  00000-0  45395-2 0  9998
2 88241  62.4555  16.5743 4186634 123.4395 283.8265  7.03514508249368
UNKNOWN                 
1 88255U          19066.83715182  .00005921  00000-0  49915-3 0  9993
2 88255  20.3407 256.9300 4827490 309.8832  16.6355  5.95931395 85107
UNKNOWN                 
1 88269U          19068.38677781 -.00000019  00000-0  00000-0 0  9995
2 88269  62.9268 343.8862 4692711 266.5019 282.6468  5.35417220239954
UNKNOWN                 
1 88270U          19066.32448620 -.00000021  00000-0  20229-3 0  9998
2 88270  49.2576 113.9648 6475599 215.9576  75.1133  3.14125422 46725
UNKNOWN                 
1 88271U          19068.59484528  .00000079  00000-0  13480-2 0  9999
2 88271  64.1417 234.6417 5469094 266.8662  25.5910  3.90226949 75526
UNKNOWN                 
1 88313U          19067.94626341  .00000832  00000-0  15846-2 0  9990
2 88313  20.5715  29.7195 6847397  66.6029 348.9339  2.75903674 57050
UNKNOWN                 
1 88323U          19064.88663093  .00000154  00000-0  00000-0 0  9997
2 88323  17.9723 244.0086 6680345  46.5045 352.5533  1.96408272 28684
UNKNOWN                 
1 88342U          19068.50107343  .00001478  00000-0  86483-3 0  9994
2 88342  20.9242  28.7135 5226528 114.4567 307.7153  5.14583169 69317
UNKNOWN                 
1 88355U          19064.12460268 -.00000157  00000-0  00000-0 0  9992
2 88355  20.4238 302.0178 6972474 206.6459  87.1812  2.24686354 29987
UNKNOWN                 
1 88700U          19062.99394021  .00000704  00000-0  00000-0 0  9999
2 88700  71.4068 238.1822 6415145 172.0895 207.6403  2.03925767158956
UNKNOWN                 
1 88703U          19068.67018536  .00000619  00000-0  00000-0 0  9992
2 88703  71.5578 201.3718 5724311 228.8940  84.4189  2.00471528 38834
UNKNOWN                 
1 88710U          19068.28779571 -.00000137  00000-0 -76165-3 0  9995
2 88710  63.6802  14.5719 5703039 252.0722 252.9420  4.16124564407744
UNKNOWN                 
1 88716U          19064.17756375  .00000507  00000-0  29792-2 0  9994
2 88716  63.5992 110.7807 3902837 322.0007  32.9568  6.85104236360081
UNKNOWN                 
1 89003U          19065.75266206  .00000018  00000-0  15412-4 0  9991
2 89003  74.0460 224.3249 0015991 175.3697 184.7606 14.34579568654012
UNKNOWN                 
1 89005U          19068.23217458  .00000297  00000-0  93662-4 0  9996
2 89005  97.8697  59.6797 0222888 320.6125  37.9034 14.33911631179254
UNKNOWN                 
1 89029U          19065.42576387  .00000245  00000-0  41444-4 0  9993
2 89029  98.2452 238.0938 0031749  37.2394 323.1009 14.77948459850420
UNKNOWN                 
1 89037U          19067.29812217  .00000775  00000-0  49343-3 0  9997
2 89037  98.4327 101.2853 0142292 323.3960  35.7549 14.01591313175226
UNKNOWN                 
1 89038U          19067.93865737  .00043164  00000-0  13523-2 0  9993
2 89038  98.8974  71.4718 0009375 202.6524 157.4301 15.32921663131923
UNKNOWN                 
1 89048U          19068.28703511  .00001924  00000-0  49318-3 0  9994
2 89048  98.9165 225.8946 0015663 240.7243 119.2385 14.51496923722631
UNKNOWN                 
1 89067U          19064.72054247  .00002205  00000-0  74727-4 0  9991
2 89067  80.9869  82.2331 0625422 211.8541 144.3367 14.32557120258568
UNKNOWN                 
1 89074U          19067.77752253  .00001381  00000-0  17378-2 0  9990
2 89074 100.3191   7.8872 0052608 108.0843 282.4110 13.65487328323027
UNKNOWN                 
1 89091U          19067.92195514  .00000205  00000-0  18834-3 0  9990
2 89091  82.9420  48.7328 0033089 120.4331 240.0103 13.77750715253118
UNKNOWN                 
1 89101U          19068.27484067  .00000318  00000-0  10804-2 0  9998
2 89101 100.2245  85.2680 0147275 239.9519 118.6910 13.03541035232927
UNKNOWN                 
1 89123U          19064.11247723  .00001148  00000-0  59953-3 0  9998
2 89123  99.0851 126.1409 0066894  96.9090 263.9699 14.15338295176128
UNKNOWN                 
1 89127U          19067.77486031  .00002871  00000-0  35052-3 0  9992
2 89127  74.0745 197.3297 0045813 175.5288 184.6310 14.83065463124775
UNKNOWN                 
1 89132U          19066.77912461  .00001149  00000-0  93084-3 0  9994
2 89132  63.3937   1.3254 3089816 315.5912  23.4402  8.71217248108512
UNKNOWN                 
1 89135U          19067.75839002  .00001026  00000-0  54075-3 0  9996
2 89135  71.0276 101.5058 0135855  54.5807 306.7912 14.11602565272355
UNKNOWN                 
1 89140U          19067.99800235  .00007907  00000-0  28998-2 0  9992
2 89140  98.7496  81.7125 0013199 199.4499 160.6182 14.33001224134168
UNKNOWN                 
1 89142U          19068.30273155  .00004950  00000-0  40311-2 0  9993
2 89142  64.7798 147.9688 3431228  21.5521 350.0217  8.09720931 99093
UNKNOWN                 
1 89143U          19068.21294850  .00038401  00000-0  11716-1 0  9993
2 89143  65.1099   0.9259 0792388  91.5823 277.6041 13.35078397 54818
UNKNOWN                 
1 89146U          19068.15550335  .00000317  00000-0  90651-4 0  9995
2 89146  98.0630  32.7277 0121892  97.8453 263.6598 14.47092422270567
UNKNOWN                 
1 89158U          19065.74850056  .00001961  00000-0  25397-3 0  9993
2 89158  98.8205 350.0826 0098928 214.0082 145.4761 14.78877676123951
UNKNOWN                 
1 89161U          19067.95001856  .00000523  00000-0  82995-4 0  9999
2 89161  97.8737 128.5952 0135398 226.6034 132.3836 14.70522137182551
UNKNOWN                 
1 89171U          19064.35078004  .00002967  00000-0  32805-3 0  9998
2 89171  99.0245 112.8311 0065991 301.5942  57.8839 14.86799237184973
UNKNOWN                 
1 89172U 81053    19067.31481947  .00001192  00000-0  30817-3 0  9999
2 89172  82.0448 277.4672 0413675 357.8945   2.0466 14.08598939429174
UNKNOWN                 
1 89177U          19067.92222310  .00000054  00000-0  41584-4 0  9991
2 89177  82.9201 300.2690 0032595 172.1325 188.0348 13.73354842723791
UNKNOWN                 
1 89183U          19068.09359183  .00000083  00000-0  11582-3 0  9992
2 89183  99.1196  17.5389 0132767 236.2879 122.5560 13.78766015266270
UNKNOWN                 
1 89184U          19068.35886435  .00000842  00000-0  29688-3 0  9996
2 89184  98.5143 261.0751 0020356  65.3325 294.9978 14.37203388134920
UNKNOWN                 
1 89190U          19067.17956510  .00014130  00000-0  11926-2 0  9994
2 89190  98.6750 203.2486 0066674  25.1719 335.2724 14.96524038183182
UNKNOWN                 
1 89195U          19065.07683186  .00000671  00000-0  31859-3 0  9995
2 89195  98.8587 114.2068 0030414 204.6394 155.3332 14.22689439175059
UNKNOWN                 
1 89206U          19065.49575723  .00000935  00000-0  43117-3 0  9994
2 89206  98.7678  80.6483 0032458 161.6712 198.5643 14.23162744133194
UNKNOWN                 
1 89213U          19068.11968367  .00000145  00000-0  12270-3 0  9993
2 89213  98.7886  29.0217 0234940  34.1621 327.4407 13.88885466109511
UNKNOWN                 
1 89218U          19066.35417323  .00000124  00000-0  16593-3 0  9992
2 89218 100.3641 113.1188 0106068 230.2658 128.9107 13.79008287793726
UNKNOWN                 
1 89251U          19066.50875213  .00004043  00000-0  22412-2 0  9992
2 89251  62.4898 128.2801 3112234 244.1684  80.7362  8.74991298444567
UNKNOWN                 
1 89255U          19067.02029068  .00000521  00000-0  73107-3 0  9998
2 89255  98.6585 158.5163 0367559 215.7591 141.8415 13.36671376164543
UNKNOWN                 
1 89261U          19064.38638814  .00000103  00000-0  47083-4 0  9997
2 89261  98.3650 124.7070 0014711  69.7230 290.5538 14.38918565177693
UNKNOWN                 
1 89269U          19068.60538160  .00184937  97781-5  23324-2 0  9992
2 89269  64.2515 116.4333 0703442 344.4512  13.5899 14.36108932159572
UNKNOWN                 
1 89281U          19066.94361403  .00001386  00000-0  44417-3 0  9991
2 89281  99.3503  61.5933 0016969 263.3810 126.5080 14.41247130355899
UNKNOWN                 
1 89285U          19068.27133091  .00078235  00000-0  56048-2 0  9992
2 89285  62.9500  19.2500 2567987  35.9656 338.9447 10.15305955 84320
UNKNOWN                 
1 89291U          19067.70914217  .00001252  00000-0  13938-3 0  9990
2 89291  98.0131 165.4926 0131069 181.5335 178.5495 14.82981199180811
UNKNOWN                 
1 89304U          19068.41729262  .00003853  00000-0  44914-1 0  9993
2 89304  85.2534 302.6090 2493430 120.1053   0.4772  8.83891229218922
UNKNOWN                 
1 89314U          19067.97693868  .00000408  00000-0  82071-3 0  9997
2 89314  19.0887 128.7498 7170319 181.6284 173.1572  2.35790723 28663
UNKNOWN                 
1 89327U          19053.74020171  .00000615  00000-0  52648-3 0  9999
2 89327  82.5268 165.3402 0008935 305.6618  54.3711 13.85470054130043
UNKNOWN                 
1 89341U          19068.54089220  .00006296  00000-0  22200-3 0  9991
2 89341  98.1439 341.7562 0012048 272.5876  87.3983 15.29620717241208
UNKNOWN                 
1 89347U          19068.09329956  .00003109  00000-0  69043-3 0  9996
2 89347  86.2889 348.4334 0024296 351.0450  75.0548 14.56603489136032
UNKNOWN                 
1 89349U          19065.09917860  .00000081  00000-0  26133-3 0  9991
2 89349  90.3031 306.9548 0030000 280.4839  79.2900 12.95373584158427
UNKNOWN                 
1 89379U          19067.01090228  .00001016  00000-0  17695-2 0  9999
2 89379 100.4926 269.5702 0050802 337.2993  22.5890 13.45991051762944
UNKNOWN                 
1 89381U          19067.41903697  .00004104  00000-0  89699-3 0  9994
2 89381  98.7937 147.5496 0085584 221.9236 137.5386 14.56116788114360
UNKNOWN                 
1 89389U          19068.09631229  .00001214  00000-0  19708-3 0  9999
2 89389  74.0497 234.1107 0084446 199.5466 160.2463 14.70001220178492
UNKNOWN                 
1 89390U          19065.47679435  .00002765  00000-0  32088-3 0  9999
2 89390  98.9803  77.8800 0042319 273.2207  86.4163 14.85808527264895
UNKNOWN                 
1 89391U          19068.57486650  .00001160  00000-0  11824-3 0  9992
2 89391  97.4370 292.7400 0209968 337.4787  21.7308 14.77642730137260
UNKNOWN                 
1 89395U          19065.73729958  .00000151  00000-0  21958-2 0  9999
2 89395 102.4619 143.6862 0222038  10.7069 140.4846 12.01100839296334
UNKNOWN                 
1 89400U          19067.95177705 -.00000020  00000-0  00000-0 0  9998
2 89400  63.1219 229.4016 2789953  76.5702 312.7850  8.17629384203121
UNKNOWN                 
1 89403U          19063.13148944 -.00000253  00000-0 -91503-3 0  9990
2 89403  90.2995 305.4645 0028996 282.5379 234.6439 12.95941997156927
UNKNOWN                 
1 89410U          19067.98751221  .00000241  00000-0  23310-3 0  9999
2 89410  82.9407 259.1830 0028250  41.3198 319.0089 13.75647193247318
UNKNOWN                 
1 89438U          19068.44120927  .00006694  00000-0  68690-3 0  9992
2 89438  86.3686 329.0205 0020162 339.2847  20.7560 14.90119242177670
UNKNOWN                 
1 89453U          19068.41689639  .00001136  00000-0  90628-4 0  9999
2 89453  97.3272 299.9121 0155091 243.7345 114.7869 14.93314956137263
UNKNOWN                 
1 89460U          19067.28160947  .00000307  00000-0  70256-3 0  9990
2 89460 100.3125 184.1105 0048079  48.6265 311.8978 13.34362145103159
UNKNOWN                 
1 89483U          19067.74617959  .00000662  00000-0  84367-4 0  9999
2 89483  99.5024 269.8802 0274045  23.2360 338.0955 14.63203223134621
UNKNOWN                 
1 89490U          19068.33307851  .00001484  00000-0  76354-3 0  9999
2 89490  98.3666  96.6839 0132540 213.7809 145.4868 14.12198114129859
UNKNOWN                 
1 89492U          19063.28266258  .00000539  00000-0  40377-3 0  9991
2 89492  82.5330 265.2711 0028529 214.5008 145.4307 13.92818925268957
UNKNOWN                 
1 89493U          19064.22887585  .00000658  00000-0  41782-3 0  9992
2 89493  99.1954  74.8559 0094782 110.5647 250.5720 14.05200229115603
UNKNOWN                 
1 89494U          19062.52255792  .00000815  00000-0  51106-3 0  9999
2 89494  99.1952  73.1402 0095084 115.3189 245.7863 14.05188183115227
UNKNOWN                 
1 89496U          19065.76540359  .00001936  00000-0  27791-3 0  9994
2 89496  98.8713   0.5072 0099032 266.9238  92.0632 14.74594999113511
