NOAA 15                 
1 25338U 98030A   19068.58122619 -.00000002  00000-0  17741-4 0  9996
2 25338  98.7559  89.9846 0010681 171.2409 188.8959 14.25897236 82847
NOAA 18                 
1 28654U 05018A   19068.61883654  .00000065  00000-0  60012-4 0  9998
2 28654  99.1108 114.0049 0015266 102.0398 258.2485 14.12408346711250
METOP-A                 
1 29499U 06044A   19068.87781250 -.00000002  00000-0  18487-4 0  9994
2 29499  98.5888 124.8618 0001835 124.5333 235.9627 14.21543792642744
NOAA 19                 
1 33591U 09005A   19068.59593558  .00000038  00000-0  45857-4 0  9992
2 33591  99.1738  57.3068 0013163 304.6150  55.3778 14.12337962519639
METOP-B                 
1 38771U 12049A   19068.87991634 -.00000007  00000-0  16950-4 0  9996
2 38771  98.7169 129.5526 0000552 165.3664 313.5307 14.21482649335870
SARAL                   
1 39086U 13009A   19067.92510131 -.00000006  00000-0  13969-4 0  9993
2 39086  98.5404 255.6875 0001392 140.6582 219.4703 14.32033070315230
METOP-C                 
1 43689U 18087A   19068.76270361 -.00000044  00000-0  00000+0 0  9998
2 43689  98.7184 129.7323 0001356 247.4227 112.6807 14.21480252 17438
