BEIJING 1               
1 28890U 05043A   19068.81039688 -.00000014  00000-0  62911-5 0  9996
2 28890  97.9619 208.0168 0014407 331.4495  28.5927 14.61249512712514
HJ-1A                   
1 33320U 08041A   19068.79817678  .00000072  00000-0  17331-4 0  9999
2 33320  97.8523 129.9917 0026531 145.2178 215.0761 14.76999885565868
HJ-1B                   
1 33321U 08041B   19068.76650521  .00000147  00000-0  27796-4 0  9998
2 33321  97.8594 131.7300 0035061 162.9089 197.3302 14.77105221565855
YAOGAN 4                
1 33446U 08061A   19068.85470493  .00000075  00000-0  17488-4 0  9993
2 33446  97.6625  40.9816 0017429  54.7391 305.5448 14.76931888553105
DEIMOS-1                
1 35681U 09041A   19068.79586450  .00000107  00000-0  24791-4 0  9990
2 35681  97.8777 313.9631 0003244 100.3779 259.7797 14.71774633515893
UK-DMC 2                
1 35683U 09041C   19068.80782646  .00000119  00000-0  26809-4 0  9994
2 35683  97.7507 290.3613 0001817  95.7520 264.3884 14.71067930515713
RISAT 1                 
1 38248U 12017A   19068.63153376  .00000468  00000-0  32957-4 0  9992
2 38248  97.5728  78.5113 0005473  55.5848 304.5898 15.09744181378346
DMC3-FM1                
1 40715U 15032A   19068.80895764 -.00000009  00000-0  64083-5 0  9995
2 40715  97.9814 326.3753 0014424 280.1710  79.7881 14.73687110197072
DMC3-FM2                
1 40716U 15032B   19068.42418116 -.00000010  00000-0  62123-5 0  9991
2 40716  97.9831 326.2185 0011920 292.1811  67.8117 14.73697195197022
DMC3-FM3                
1 40717U 15032C   19068.78646738  .00000021  00000-0  10989-4 0  9997
2 40717  97.9829 327.2669 0015393 281.7659  78.1836 14.73686750197073
