FLTSATCOM 7 (USA 20)    
1 17181U 86096A   19068.49851205 -.00000316  00000-0  00000+0 0  9995
2 17181  14.6322   0.0425 0001986 299.1011 147.4155  1.00263761125636
TDRS 3                  
1 19548U 88091B   19068.38827090 -.00000295  00000-0  00000+0 0  9990
2 19548  14.3697   1.7137 0032431 320.2626 294.8200  1.00361659 98724
FLTSATCOM 8 (USA 46)    
1 20253U 89077A   19068.14702418 -.00000142  00000-0  00000+0 0  9991
2 20253  13.0601   9.3164 0007059 325.3887 229.2993  1.00271946233964
SKYNET 4C               
1 20776U 90079A   19067.95461553  .00000128  00000-0  00000+0 0  9998
2 20776  13.9793  10.0412 0003157 326.3602 207.1151  1.00273649104297
TDRS 5                  
1 21639U 91054B   19068.39064478  .00000087  00000-0  00000+0 0  9999
2 21639  14.6567  14.9956 0024846 343.7284 141.3605  1.00263711101060
TDRS 6                  
1 22314U 93003B   19068.72840748 -.00000291  00000-0  00000+0 0  9993
2 22314  14.2482  18.0505 0006650 337.1020  28.3130  1.00276675 95743
UFO 2 (USA 95)          
1 22787U 93056A   19068.52784257  .00000128  00000-0  00000+0 0  9993
2 22787  11.1200  18.4273 0003382 350.8981  16.2709  1.00270680 92020
USA 99 (MILSTAR-1 1)    
1 22988U 94009A   19067.79657814 -.00000263  00000-0  00000+0 0  9992
2 22988  13.3545  56.5383 0001537 318.6512  38.9887  1.00272340  5001
ASTRA 1D                
1 23331U 94070A   19067.86156889 -.00000267  00000-0  00000-0 0  9992
2 23331   8.4670  45.0376 0004143 309.7955  48.5757  1.00270223 89633
USA 107 (DSP 17)        
1 23435U 94084A   19068.72753512 -.00000298  00000-0  00000+0 0  9997
2 23435  14.4530  16.2191 0000842  26.5131 336.0470  1.00259006  5065
UFO 4 (USA 108)         
1 23467U 95003A   19068.62834792 -.00000022  00000-0  00000+0 0  9998
2 23467   9.9289  23.4543 0003872 336.6806 205.4153  1.00268265 88325
AMSC 1                  
1 23553U 95019A   19067.95049316 -.00000096  00000-0  00000+0 0  9997
2 23553  10.7989  34.6603 0009092 339.1967  28.1859  1.00271758 87520
TDRS 7                  
1 23613U 95035B   19067.91157060 -.00000196  00000-0  00000-0 0  9996
2 23613  14.3805   8.7488 0036347  26.4722 183.8632  1.00265955 86603
USA 113                 
1 23628U 95038A   19068.83012451 -.00000336  00000-0  00000+0 0  9996
2 23628  10.9959  33.5569 0001681 286.7181 249.6512  1.00272653  4971
USA 115 (MILSTAR-1 2)   
1 23712U 95060A   19068.47315164 -.00000198  00000-0  00000+0 0  9998
2 23712  12.9514  23.8973 0002816 313.2024 270.0685  1.00275167  5005
INMARSAT 3-F1           
1 23839U 96020A   19068.46328802  .00000003  00000-0  00000+0 0  9991
2 23839   5.1757  64.5968 0006218 290.3262  43.2233  1.00274441 83978
ASTRA 1F                
1 23842U 96021A   19068.45918795  .00000134  00000-0  00000+0 0  9996
2 23842   0.0567 321.5893 0004470  23.1565  31.6882  1.00270518 83695
MSAT M1                 
1 23846U 96022A   19067.95049316 -.00000087  00000-0  00000+0 0  9997
2 23846   8.6510  44.4491 0006851 317.0220  39.5518  1.00272851 83790
INMARSAT 3-F2           
1 24307U 96053A   19068.44113010 -.00000287  00000-0  00000+0 0  9994
2 24307   3.9181  74.5168 0007443 276.8604 287.6965  0.99996321 82384
AMC-1 (GE-1)            
1 24315U 96054A   19068.55580133  .00000063  00000-0  00000+0 0  9991
2 24315   2.9041  81.7118 0002665 261.2255 253.1888  1.00271672 82383
INMARSAT 3-F3           
1 24674U 96070A   19068.67445052  .00000032  00000-0  00000+0 0  9996
2 24674   4.6695  68.7030 0005541 285.0105 234.2055  1.00272018 81321
AMC-2 (GE-2)            
1 24713U 97002A   19067.85921352 -.00000215  00000-0  00000-0 0  9992
2 24713   5.4958  62.7652 0005167 287.9730  39.9656  1.00271017 80930
INTELSAT 26 (IS-26)     
1 24732U 97007A   19068.46285184  .00000018  00000-0  00000+0 0  9991
2 24732   8.3848  45.8003 0004350 328.2068  21.6522  1.00273710 80649
USA 130 (DSP 18)        
1 24737U 97008A   19068.12202249  .00000031  00000-0  00000+0 0  9996
2 24737  13.3090  23.8674 0000772 247.0880 307.5652  1.00264163  4966
GALAXY 25 (G-25)        
1 24812U 97026A   19068.50359100 -.00000167  00000-0  00000+0 0  9992
2 24812   0.8506  94.0502 0003767 266.6025 254.4109  1.00271859 79710
INTELSAT 5 (IS-5)       
1 24916U 97046A   19067.70506769  .00000088  00000-0  00000+0 0  9996
2 24916   4.7759  68.0121 0003241 287.6661 287.2273  1.00272204 78969
AMC-3 (GE-3)            
1 24936U 97050A   19068.50786556 -.00000264  00000-0  00000+0 0  9993
2 24936   1.7401  89.0478 0002764 259.1483 289.5265  1.00273177 78804
NSS-5                   
1 24957U 97053A   19068.17331595  .00000103  00000-0  00000+0 0  9992
2 24957   5.0505  66.1931 0004150 302.4368 270.8493  1.00275204 78599
USA 134                 
1 25019U 97065A   19068.49983985 -.00000059  00000-0  00000+0 0  9997
2 25019   9.6732  39.2201 0008797 282.5015 273.1350  1.00271321  4964
ASTRA 1G                
1 25071U 97076A   19068.46180501  .00000063  00000-0  00000+0 0  9991
2 25071   3.6216  75.7183 0003567 268.6612  45.9205  1.00274291 77890
INMARSAT 3-F5           
1 25153U 98006B   19068.49481617 -.00000291  00000-0  00000+0 0  9995
2 25153   3.8418  72.3214 0004711 282.8037 295.9224  1.00272129 77241
UFO 8 (USA 138)         
1 25258U 98016A   19068.67186597 -.00000024  00000-0  00000+0 0  9995
2 25258   8.1909  34.7276 0006519 310.7339 235.0566  1.00270049 76932
THOR III                
1 25358U 98035A   19068.18799365 -.00000047  00000-0  00000+0 0  9991
2 25358   6.4783  55.6689 0002664 306.3433 227.9390  1.00273155 76067
INTELSAT 805 (IS-805)   
1 25371U 98037A   19068.12524897 -.00000036  00000-0  00000+0 0  9996
2 25371   1.3825  91.3143 0003226 253.0697  36.3006  1.00272468 75926
ASTRA 2A                
1 25462U 98050A   19068.03967056 -.00000310  00000-0  00000+0 0  9995
2 25462   0.5450  99.3485 0002737 232.3245 309.0429  1.00271447 75097
JCSAT-4A                
1 25630U 99006A   19068.48029900 -.00000206  00000-0  00000+0 0  9994
2 25630   3.6011  76.7690 0002212 290.3856 122.6467  1.00270881 73368
SKYNET 4E               
1 25639U 99009B   19067.66049014 -.00000032  00000-0  00000-0 0  9991
2 25639  10.6036  24.0362 0003168 312.6677  65.9163  1.00271896 73374
ASIASAT 3S              
1 25657U 99013A   19068.83849917 -.00000239  00000-0  00000+0 0  9994
2 25657   3.8032  75.1431 0003763 273.5645 266.4354  1.00272847 73185
NIMIQ 1                 
1 25740U 99027A   19068.13451984 -.00000204  00000-0  00000+0 0  9990
2 25740   0.0165 106.5966 0004282 228.3523 153.4645  1.00272117 72565
ASTRA 1H                
1 25785U 99033A   19067.86270295 -.00000280  00000-0  00000-0 0  9994
2 25785   5.0336  66.3388 0003018 281.9894  61.4170  1.00270572 24765
ABS-7                   
1 25894U 99046A   19068.09076972 -.00000368  00000-0  00000+0 0  9997
2 25894   0.0189 119.5618 0002395 213.7618 341.9289  1.00270100 70493
ABS-6                   
1 25924U 99053A   19068.84111625 -.00000125  00000-0  00000+0 0  9998
2 25924   0.0417 294.5730 0002002  58.1143 276.3807  1.00268462 71248
TELSTAR 12 (ORION 2)    
1 25949U 99059A   19068.56753688 -.00000067  00000-0  00000+0 0  9996
2 25949   2.2564  87.4948 0003098 248.3657 286.2040  1.00271843 70886
AMC-4 (GE-4)            
1 25954U 99060A   19067.70567833  .00000081  00000-0  00000+0 0  9999
2 25954   0.0611 288.7264 0002389  62.1465 294.3637  1.00271685 70830
UFO 10 (USA 146)        
1 25967U 99063A   19068.26910373 -.00000181  00000-0  00000+0 0  9991
2 25967   7.3425  37.0026 0004392 314.5977 249.8538  1.00271196 70692
GALAXY 11 (G-11)        
1 26038U 99071A   19067.74135781  .00000140  00000-0  00000+0 0  9998
2 26038   0.1365 109.8727 0001707 263.1919 104.0347  1.00137899 70437
USA 148                 
1 26052U 00001A   19068.69354775  .00000042  00000-0  00000+0 0  9991
2 26052   7.7050  49.3278 0002723 308.9575 238.7368  1.00270265  4981
ASIASTAR                
1 26107U 00016A   19068.83029899 -.00000336  00000-0  00000+0 0  9997
2 26107   2.9970  79.7236 0004250 274.5891 216.7973  1.00270672 69517
USA 149 (DSP 20)        
1 26356U 00024A   19068.13013418  .00000100  00000-0  00000+0 0  9993
2 26356  11.1602  29.8915 0001302 240.8222 136.9529  1.00279407  4969
EUTELSAT 80A            
1 26369U 00028A   19068.17724156 -.00000047  00000-0  00000+0 0  9994
2 26369   2.3526  83.7609 0005836 263.2219 313.6763  1.00272172 68832
TDRS 8                  
1 26388U 00034A   19068.46817323 -.00000229  00000-0  00000+0 0  9995
2 26388   8.5075  50.8546 0015637 290.4111  83.2443  1.00266826 68539
INTELSAT 9 (IS-9)       
1 26451U 00043A   19068.10466130 -.00000011  00000-0  00000+0 0  9992
2 26451   4.7631  68.2058 0003063 283.7752 278.3364  1.00273128 68209
BRASILSAT B4            
1 26469U 00046A   19068.64727810 -.00000174  00000-0  00000+0 0  9998
2 26469   2.9722  81.4038 0003434 287.6833 298.9849  1.00271815 67991
ASTRA 2B                
1 26494U 00054A   19068.16712219  .00000114  00000-0  00000+0 0  9992
2 26494   3.5153  76.3709 0005001 273.5830 256.1395  1.00273774 67599
AMC-7 (GE-7)            
1 26495U 00054B   19067.70559111  .00000082  00000-0  00000+0 0  9996
2 26495   0.2431  95.2940 0002590 255.4999 294.2999  1.00272194 67605
NSS-11 (AAP-1)          
1 26554U 00059A   19068.48855359  .00000019  00000-0  00000+0 0  9996
2 26554   0.0494 304.1142 0002876  62.7813 151.8565  1.00271295 67535
USA 153                 
1 26575U 00065A   19068.43560885 -.00000324  00000-0  00000+0 0  9998
2 26575   7.1443  52.4740 0002073 295.5432 110.0559  1.00273061  4971
AMC-6 (GE-6)            
1 26580U 00067A   19068.13451984 -.00000222  00000-0  00000+0 0  9999
2 26580   0.0487 314.3699 0002430  38.6343 138.9454  1.00272491 67343
INTELSAT 12 (IS-12)     
1 26590U 00068A   19068.75030368  .00000004  00000-0  00000+0 0  9995
2 26590   1.8528  88.8097 0004003 178.6094 233.6263  1.00314094 67167
INTELSAT 1R (IS-1R)     
1 26608U 00072A   19068.84068007 -.00000142  00000-0  00000+0 0  9995
2 26608   1.6483  89.3921 0000209 168.4299   9.1319  1.00271874 67015
ANIK F1                 
1 26624U 00076A   19068.55832764 -.00000079  00000-0  00000+0 0  9993
2 26624   0.0199 146.9665 0000836 245.8296 227.8359  1.00272612 67089
ASTRA 2D                
1 26638U 00081A   19068.30783368  .00000027  00000-0  00000+0 0  9994
2 26638   4.8696  67.0905 0002115 267.6162 307.9760  1.00271374 66746
AMC-8 (GE-8)            
1 26639U 00081B   19068.65042566  .00000099  00000-0  00000+0 0  9990
2 26639   0.0204 257.5331 0002272  52.4371 312.1840  1.00272852 66632
SKYNET 4F               
1 26695U 01005B   19067.72574259 -.00000250  00000-0  00000+0 0  9995
2 26695   9.5516  32.4554 0003254 307.1956  53.7312  1.00274441 66235
USA 157 (MILSTAR-2 2)   
1 26715U 01009A   19068.42739410 -.00000364  00000-0  00000+0 0  9998
2 26715   8.8998  32.8071 0001863 323.9290  74.9843  1.00273062  5003
EUTELSAT 33C            
1 26719U 01011A   19067.70602729  .00000072  00000-0  00000+0 0  9992
2 26719   0.9005  90.8158 0004913 257.5494 299.0386  1.00270488 65924
INTELSAT 10 (IS-10)     
1 26766U 01019A   19068.45988583  .00000121  00000-0  00000+0 0  9995
2 26766   2.8572  81.9123 0001299 230.2638  67.7177  1.00274622 65282
INTELSAT 901 (IS-901)   
1 26824U 01024A   19068.80351758 -.00000218  00000-0  00000+0 0  9991
2 26824   0.8306  93.8313 0002794 257.4940  75.6134  1.00273224 64963
ASTRA 2C                
1 26853U 01025A   19068.81407311  .00000133  00000-0  00000+0 0  9997
2 26853   1.7664  88.7682 0002731 252.3100 142.8580  1.00272638 64945
USA 159 (DSP 21)        
1 26880U 01033A   19068.79941749 -.00000294  00000-0  00000+0 0  9990
2 26880  10.3245  33.5467 0001176 295.9570  75.9758  1.00279867  4983
INTELSAT 902 (IS-902)   
1 26900U 01039A   19068.46276461  .00000028  00000-0  00000+0 0  9999
2 26900   0.0118 160.1968 0003050 197.2609  37.9575  1.00272217 64134
EUTELSAT 12 WEST B      
1 26927U 01042A   19068.19337736 -.00000106  00000-0  00000+0 0  9993
2 26927   0.0442 353.6390 0006275   2.8028 227.2649  1.00271963 63883
DIRECTV 4S              
1 26985U 01052A   19068.21484022 -.00000119  00000-0  00000+0 0  9996
2 26985   0.0127 128.2571 0002504 221.5583 152.9358  1.00271987 63350
USA 164 (MILSTAR-2 3)   
1 27168U 02001A   19068.59780575  .00000103  00000-0  00000+0 0  9990
2 27168   8.3027  33.8986 0001787 294.4889  72.7725  1.00269766  5013
ECHOSTAR 7              
1 27378U 02006A   19068.49797917 -.00000006  00000-0  00000+0 0  9998
2 27378   0.0483 302.3717 0001222  37.4650 247.5224  1.00273927 62420
INTELSAT 904 (IS-904)   
1 27380U 02007A   19067.82271632  .00000143  00000-0  00000+0 0  9990
2 27380   0.3770  98.9359 0002972 203.3053 202.5338  1.00162647 62444
TDRS 9                  
1 27389U 02011A   19068.80133668 -.00000277  00000-0  00000+0 0  9998
2 27389   6.5336  71.8915 0013603 261.9800  81.3030  1.00081531 63805
JCSAT 2A                
1 27399U 02015A   19068.50409763 -.00000311  00000-0  00000+0 0  9991
2 27399   1.8449  88.7043 0007770 194.8123 200.8193  1.00275546 61984
ASTRA 3A                
1 27400U 02015B   19068.44104287 -.00000285  00000-0  00000+0 0  9990
2 27400   5.0129  65.8054 0002776 283.2863 289.5316  1.00270365 62077
INTELSAT 903 (IS-903)   
1 27403U 02016A   19068.44409615 -.00000229  00000-0  00000+0 0  9995
2 27403   1.2146  92.3859 0001883 305.0502 257.7629  1.00272224 62009
NSS-7                   
1 27414U 02019A   19068.15927095 -.00000161  00000-0  00000+0 0  9990
2 27414   3.2184  79.6172 0002533 259.7147 224.5416  1.00272486 61919
DIRECTV 5 (TEMPO 1)     
1 27426U 02023A   19068.56678426 -.00000061  00000-0  00000+0 0  9993
2 27426   0.0233 170.3354 0003492 197.8517 252.6926  1.00269830 61671
INTELSAT 905 (IS-905)   
1 27438U 02027A   19068.19355097 -.00000190  00000-0  00000+0 0  9998
2 27438   0.1982 102.0829 0002566 247.7652 221.9110  1.00271800 61327
EXPRESS-A4              
1 27441U 02029A   19067.34590544 -.00000251  00000-0  00000+0 0  9996
2 27441   7.0905  52.7703 0008275  73.3430 309.4829  1.00266836 61326
GALAXY 3C (G-3C)        
1 27445U 02030A   19068.14426639 -.00000156  00000-0  00000+0 0  9998
2 27445   0.0324 286.8902 0001859  48.2255 148.2946  1.00270049 61315
EUTELSAT 5 WEST A       
1 27460U 02035A   19068.18799365 -.00000048  00000-0  00000+0 0  9993
2 27460   0.0662 312.4226 0005677  40.4934 236.3490  1.00273994 61104
N-STAR C                
1 27461U 02035B   19067.99702115 -.00000314  00000-0  00000+0 0  9995
2 27461   5.7848  61.4315 0004447 336.2898 263.5827  1.00270546 61018
METEOSAT-8 (MSG-1)      
1 27509U 02040B   19068.60234201  .00000136  00000-0  00000+0 0  9990
2 27509   5.9191  55.9656 0001775 319.7290  49.8762  1.00282798 60613
INTELSAT 906 (IS-906)   
1 27513U 02041A   19068.87063403  .00000010  00000-0  00000+0 0  9990
2 27513   0.0223 217.2947 0002194 138.0063 189.5190  1.00272178 60339
HISPASAT 30W-4          
1 27528U 02044A   19068.44435784 -.00000222  00000-0  00000+0 0  9993
2 27528   0.0440 356.5748 0005615 352.7370 307.2484  1.00274887 60300
TDRS 10                 
1 27566U 02055A   19068.67798779  .00000091  00000-0  00000+0 0  9991
2 27566   6.1092  55.6803 0010789 267.0987 277.2023  1.00275521 59591
NSS-6                   
1 27603U 02057A   19068.11041887 -.00000275  00000-0  00000+0 0  9990
2 27603   0.0135 126.9580 0002196 186.4459 347.8335  1.00270958 59442
NIMIQ 2                 
1 27632U 02062A   19068.11229781  .00000019  00000-0  00000+0 0  9994
2 27632   3.3255  78.8206 0001486 269.1168  95.8698  1.00271261 59237
INTELSAT 907 (IS-907)   
1 27683U 03007A   19068.44496848 -.00000207  00000-0  00000+0 0  9996
2 27683   0.0198 196.7521 0002417 151.3195 311.4311  1.00275504 58748
USA 167                 
1 27691U 03008A   19067.63475556  .00000054  00000-0  00000+0 0  9998
2 27691   5.7813  61.3079 0003678 302.3674 260.7152  1.00272517  4974
USA 169 (MILSTAR-2 4)   
1 27711U 03012A   19067.65831222 -.00000007  00000-0  00000+0 0  9993
2 27711   8.3739  47.9413 0002834 325.2272 269.8758  1.00274490  4992
GALAXY 12 (G-12)        
1 27715U 03013B   19068.21206285  .00000053  00000-0  00000+0 0  9996
2 27715   0.4150  96.4295 0001697 253.1195 124.3591  1.00272334 58367
ASIASAT 4               
1 27718U 03014A   19067.82271632  .00000147  00000-0  00000+0 0  9998
2 27718   0.0109 162.6940 0000428  36.5149 301.3793  1.00271043 58273
HELLAS-SAT 2            
1 27811U 03020A   19068.13451984 -.00000174  00000-0  00000+0 0  9995
2 27811   0.8341  98.0563 0002383 228.8581 166.6576  0.99836182 57698
THURAYA-2               
1 27825U 03026A   19067.81695104  .00000127  00000-0  00000+0 0  9991
2 27825   5.4713  31.4727 0005166 314.8093 158.0040  1.00272663 57698
OPTUS C1                
1 27831U 03028B   19068.47383465 -.00000155  00000-0  00000+0 0  9999
2 27831   0.3386 103.0989 0005678 250.3908 139.6607  1.00273033 57683
ECHOSTAR 12 (RAINBOW 1) 
1 27852U 03033A   19068.13451984 -.00000205  00000-0  00000+0 0  9999
2 27852   0.0449 302.5658 0001247  66.6686 119.3275  1.00272474 57304
GALAXY 23 (G-23)        
1 27854U 03034A   19068.56511132  .00000008  00000-0  00000+0 0  9991
2 27854   0.0158 148.5548 0002953 204.0946 256.7335  1.00273119 61902
USA 170                 
1 27875U 03040A   19067.96082087 -.00000275  00000-0  00000+0 0  9993
2 27875   4.9654  66.8244 0001933 285.4756 117.4001  1.00277153  4983
GALAXY 13 (HORIZONS 1)  
1 27954U 03044A   19068.57444078  .00000043  00000-0  00000+0 0  9997
2 27954   0.0200 135.1636 0000350 237.4302 234.1347  1.00271394 56524
YAMAL 202               
1 28089U 03053A   19068.02946394  .00000114  00000-0  00000+0 0  9994
2 28089   0.0524 104.1993 0003307 202.0992 279.7127  1.00271593 56031
UFO 11 (USA 174)        
1 28117U 03057A   19068.63018162 -.00000104  00000-0  00000+0 0  9990
2 28117   5.5814  36.6454 0007503 297.5307 135.3812  1.00271885 55780
USA 176 (DSP 22)        
1 28158U 04004A   19068.49801365 -.00000217  00000-0  00000+0 0  9992
2 28158   8.5718  41.8869 0000484 350.9812  40.5906  1.00276730  4975
ABS-4 (MOBISAT-1)       
1 28184U 04007A   19068.46259014  .00000036  00000-0  00000+0 0  9997
2 28184   0.0016 189.7470 0001917 164.5913  40.0561  1.00270875 54943
EUTELSAT 7A             
1 28187U 04008A   19068.02108928  .00000042  00000-0  00000+0 0  9997
2 28187   0.0742  28.8817 0002888 317.8503 194.2519  1.00273310 54937
DIRECTV 7S              
1 28238U 04016A   19068.56834890 -.00000004  00000-0  00000+0 0  9995
2 28238   0.0200 124.8652 0002891 231.1173 256.4969  1.00271963 54417
AMC-11 (GE-11)          
1 28252U 04017A   19068.55567913  .00000064  00000-0  00000+0 0  9995
2 28252   0.0561 314.3080 0002772  44.9950 236.6732  1.00273034 54065
INTELSAT 10-02          
1 28358U 04022A   19068.37840751 -.00000016  00000-0  00000+0 0  9990
2 28358   0.0118 193.3910 0002652 188.9042 279.7131  1.00273031 53983
APSTAR 5 (TELSTAR 18)   
1 28364U 04024A   19068.47794365 -.00000299  00000-0  00000+0 0  9992
2 28364   0.3419  98.9814 0001283 247.2399 130.6931  1.00272053 53912
ANIK F2                 
1 28378U 04027A   19068.49533921 -.00000055  00000-0  00000+0 0  9991
2 28378   0.0209 149.1401 0000133 117.0848 327.9042  1.00270589 53712
AMC-15                  
1 28446U 04041A   19068.56001891 -.00000094  00000-0  00000+0 0  9990
2 28446   0.0599 316.3679 0002530  40.2734 266.8577  1.00272356 52727
AMC-16                  
1 28472U 04048A   19068.57704361 -.00000211  00000-0  00000+0 0  9990
2 28472   0.0456 316.4195 0002406  17.1848 316.0937  1.00271434 52176
NSS-10 (AMC-12)         
1 28526U 05003A   19068.18174414 -.00000256  00000-0  00000+0 0  9998
2 28526   0.0295 275.2474 0002720  80.2046 199.0810  1.00271624 51673
XTAR-EUR                
1 28542U 05005A   19067.45870721  .00000144  00000-0  00000+0 0  9996
2 28542   0.0180 114.6083 0002995 233.2620  12.1045  1.00273110 51530
XM-3 (RHYTHM)           
1 28626U 05008A   19068.57704361 -.00000210  00000-0  00000+0 0  9997
2 28626   0.0091   7.1458 0000153 332.6842 309.7640  1.00269393 51422
INMARSAT 4-F1           
1 28628U 05009A   19068.65106015 -.00000264  00000-0  00000+0 0  9990
2 28628   2.9615  21.0129 0003011 341.1805 182.7182  1.00271921 51023
APSTAR 6                
1 28638U 05012A   19067.92079900 -.00000325  00000-0  00000-0 0  9995
2 28638   0.6069  96.1942 0002925 272.1461 263.2837  1.00275727 75769
SPACEWAY 1              
1 28644U 05015A   19068.49443122  .00000099  00000-0  00000+0 0  9995
2 28644   0.0749 100.4621 0000032 320.0261 145.4824  1.00271064 50878
DIRECTV 8               
1 28659U 05019A   19068.50210799 -.00000121  00000-0  00000+0 0  9996
2 28659   0.0236 166.2463 0002957 181.0557 259.5852  1.00268697 50540
GALAXY 28 (G-28)        
1 28702U 05022A   19068.14548769 -.00000191  00000-0  00000+0 0  9997
2 28702   0.0270 113.7468 0001190 292.5876  83.5515  1.00272515 50184
EXPRESS-AM3             
1 28707U 05023A   19066.89141838 -.00000329  00000-0  00000+0 0  9992
2 28707   0.7607  93.6836 0000729 167.7866 327.7226  1.00269793 50180
THAICOM 4               
1 28786U 05028A   19068.83317778 -.00000367  00000-0  00000+0 0  9990
2 28786   0.0187 133.1516 0002092 214.2613 239.2370  1.00272390 49688
GALAXY 14 (G-14)        
1 28790U 05030A   19068.57982890  .00000031  00000-0  00000+0 0  9999
2 28790   0.0475 302.5564 0002623  46.5165 261.6205  1.00272902 49669
ANIK F1R                
1 28868U 05036A   19067.65365372 -.00000081  00000-0  00000+0 0  9995
2 28868   0.0137  86.6424 0002729 283.1455 284.2603  1.00272026 49506
GALAXY 15 (G-15)        
1 28884U 05041A   19068.11785495  .00000073  00000-0  00000+0 0  9993
2 28884   0.0379 270.3541 0001851  79.4037  86.1565  1.00271928 48988
SYRACUSE 3A             
1 28885U 05041B   19067.85327153  .00000123  00000-0  00000+0 0  9993
2 28885   0.0022 183.6213 0002923 179.5504 157.2343  1.00269756 49080
INMARSAT 4-F2           
1 28899U 05044A   19068.53490868  .00000007  00000-0  00000+0 0  9992
2 28899   2.7919  23.9071 0002992 345.5203  53.9544  1.00272669 48861
TELKOM 2                
1 28902U 05046A   19068.22631623 -.00000144  00000-0  00000+0 0  9994
2 28902   0.0296 242.4871 0001378 208.7783 313.7925  1.00271652 48604
SPACEWAY 2              
1 28903U 05046B   19068.64605679 -.00000132  00000-0  00000+0 0  9990
2 28903   0.0157 102.7967 0000103  26.3751 171.3665  1.00271781 48858
INSAT-4A                
1 28911U 05049A   19068.53874705 -.00000171  00000-0  00000+0 0  9991
2 28911   0.1003 276.3198 0005437  35.7837 131.7584  1.00274332 48457
METEOSAT-9 (MSG-2)      
1 28912U 05049B   19068.59466525  .00000014  00000-0  00000+0 0  9990
2 28912   3.4577  71.4274 0000744 338.1056 334.7910  1.00270420 48438
EUTELSAT 174A           
1 28924U 05052A   19068.84408227  .00000005  00000-0  00000+0 0  9990
2 28924   0.0666 357.8992 0005765 352.6540 294.5291  1.00271286 48344
ECHOSTAR 10             
1 28935U 06003A   19068.64378867 -.00000060  00000-0  00000+0 0  9995
2 28935   0.0472 297.5507 0001272  70.7613 280.2699  1.00271967 47878
HIMAWARI-7 (MTSAT-2)    
1 28937U 06004A   19067.99146419 -.00000249  00000-0  00000+0 0  9990
2 28937   0.0461 291.4184 0003563  54.1915 322.6789  1.00274392 47706
SPAINSAT                
1 28945U 06007A   19068.61930407 -.00000221  00000-0  00000+0 0  9990
2 28945   0.0506 251.3951 0003749  71.4972  37.0670  1.00273634 47594
EUTELSAT HOT BIRD 13E   
1 28946U 06007B   19068.14146727  .00000081  00000-0  00000+0 0  9996
2 28946   0.0537 235.1378 0001758 116.4709 238.8235  1.00272827 47656
JCSAT-5A                
1 29045U 06010A   19068.07965781 -.00000334  00000-0  00000+0 0  9994
2 29045   0.0350 257.2406 0001968 126.3734 303.5714  1.00273281 47295
ASTRA 1KR               
1 29055U 06012A   19068.81320075  .00000115  00000-0  00000+0 0  9996
2 29055   0.0711 272.2054 0003220  20.4913 186.4578  1.00269257 47114
GOES 13                 
1 29155U 06018A   19068.51022093 -.00000289  00000-0  00000+0 0  9992
2 29155   0.4331 283.1533 0011388 136.8178 230.6102  1.00278547 46878
EUTELSAT 113 WEST A     
1 29162U 06020A   19068.64326524 -.00000042  00000-0  00000+0 0  9990
2 29162   0.0435 291.6990 0003060  59.1037 294.7731  1.00271865 46827
THAICOM 5               
1 29163U 06020B   19068.10710390 -.00000127  00000-0  00000+0 0  9994
2 29163   0.0198 143.1968 0005395 187.4734 312.8875  1.00273141 46888
GALAXY 16 (G-16)        
1 29236U 06023A   19068.57076456 -.00000132  00000-0  00000+0 0  9993
2 29236   0.0113 144.6484 0002536 203.1549 285.6078  1.00271896 46628
EUTELSAT HOT BIRD 13B   
1 29270U 06032A   19068.14146727  .00000081  00000-0  00000+0 0  9995
2 29270   0.0755 336.8534 0004512   3.0103 250.5541  1.00272742 46210
JCSAT-3A                
1 29272U 06033A   19068.83483525 -.00000350  00000-0  00000+0 0  9994
2 29272   0.0117 210.6917 0001983 145.1888 239.8605  1.00272245 46124
SYRACUSE 3B             
1 29273U 06033B   19068.80831556 -.00000049  00000-0  00000+0 0  9998
2 29273   0.0147 129.5154 0004260 231.6122  91.8389  1.00272478 46114
KOREASAT 5 (MUGUNGWHA 5)
1 29349U 06034A   19068.47297122 -.00000363  00000-0  00000+0 0  9990
2 29349   0.0192 189.2656 0001484 240.9583  19.9568  1.00273473 45998
DIRECTV 9S              
1 29494U 06043A   19068.55992977 -.00000119  00000-0  00000+0 0  9999
2 29494   0.0179 202.2655 0003222 157.2258 267.9185  1.00271846 45464
OPTUS D1                
1 29495U 06043B   19068.84129072 -.00000115  00000-0  00000+0 0  9996
2 29495   0.0374 288.5581 0003400  60.8819 280.6355  1.00272011 45508
XM-4 (BLUES)            
1 29520U 06049A   19068.55252438 -.00000028  00000-0  00000+0 0  9995
2 29520   0.0236 337.4660 0000200  18.8729 254.2223  1.00272629 45353
BADR-4                  
1 29526U 06051A   19068.81450931  .00000139  00000-0  00000+0 0  9993
2 29526   0.0564 333.3346 0005515   3.4395 149.6419  1.00269854 45251
WILDBLUE-1              
1 29643U 06054A   19068.10674341 -.00000055  00000-0  00000+0 0  9999
2 29643   0.0439 261.6278 0001515  76.7178 115.3985  1.00272234 44902
AMC-18                  
1 29644U 06054B   19067.70480597  .00000097  00000-0  00000+0 0  9998
2 29644   0.0551 286.9641 0001775 114.3070 239.5570  1.00274505 44902
MEASAT-3                
1 29648U 06056A   19068.82759469 -.00000247  00000-0  00000+0 0  9993
2 29648   0.0256 152.9213 0000970 254.6763 149.0313  1.00274399 44910
INSAT-4B                
1 30793U 07007A   19068.54441740 -.00000360  00000-0  00000+0 0  9998
2 30793   0.0493 267.1400 0003669  77.7672 129.3161  1.00273886 43926
SKYNET 5A               
1 30794U 07007B   19068.11041887 -.00000277  00000-0  00000+0 0  9997
2 30794   0.0669   1.3250 0003468 347.3888 312.6732  1.00274400 44009
ANIK F3                 
1 31102U 07009A   19068.11229781 -.00000007  00000-0  00000+0 0  9995
2 31102   0.0165 140.0714 0002130 215.4734  92.6618  1.00271804 43697
ASTRA 1L                
1 31306U 07016A   19068.16712219  .00000114  00000-0  00000+0 0  9995
2 31306   0.0808 298.6672 0004820  23.2787 283.9775  1.00274745 43394
GALAXY 17 (G-17)        
1 31307U 07016B   19068.04354980 -.00000180  00000-0  00000+0 0  9994
2 31307   0.0234 171.5640 0003307 189.0495  90.5059  1.00270284 43434
ZHONGXING-6B            
1 31800U 07031A   19068.09076972 -.00000367  00000-0  00000+0 0  9993
2 31800   0.0054 158.9150 0003158 195.0980 320.6589  1.00271594 42829
DIRECTV 10              
1 31862U 07032A   19068.21457851 -.00000108  00000-0  00000+0 0  9998
2 31862   0.0540 316.5625 0000178 237.7008 306.7241  1.00271608 42769
SPACEWAY 3              
1 32018U 07036A   19068.50324205 -.00000157  00000-0  00000+0 0  9998
2 32018   0.0197 338.6288 0000257 325.9005 308.5754  1.00272672 42486
BSAT-3A                 
1 32019U 07036B   19068.87380149 -.00000355  00000-0  00000+0 0  9998
2 32019   0.0780 251.8664 0001968  30.8026 309.0000  1.00270828 42429
INSAT-4CR               
1 32050U 07037A   19068.53176819  .00000120  00000-0  00000+0 0  9993
2 32050   0.2571  97.2590 0007422 195.1233 113.8316  1.00273133 42210
OPTUS D2                
1 32252U 07044A   19068.87087819 -.00000188  00000-0  00000+0 0  9998
2 32252   0.0527 289.2442 0003480  56.8531 286.6715  1.00273035 41803
INTELSAT 11 (IS-11)     
1 32253U 07044B   19068.51327418 -.00000274  00000-0  00000+0 0  9998
2 32253   0.0206 144.8967 0001493 228.6936 295.1004  1.00273365 41886
WGS F1 (USA 195)        
1 32258U 07046A   19067.87727134  .00000034  00000-0  00000+0 0  9995
2 32258   0.0132 148.0566 0000202 133.1797 206.8417  1.00271172 41670
STAR ONE C1             
1 32293U 07056A   19068.12341115 -.00000282  00000-0  00000+0 0  9991
2 32293   0.0142 133.3462 0003141 236.2952 136.2920  1.00272144 41467
SKYNET 5B               
1 32294U 07056B   19068.52723192  .00000136  00000-0  00000+0 0  9992
2 32294   0.0680 358.7588 0004008 350.9545  32.0414  1.00270177 41557
ASTRA 4A (SIRIUS 4)     
1 32299U 07057A   19068.17549444  .00000027  00000-0  00000+0 0  9994
2 32299   0.0160 148.4242 0002891 200.2668 245.8682  1.00271283 41311
HORIZONS 2              
1 32388U 07063B   19068.84771590 -.00000187  00000-0  00000+0 0  9991
2 32388   0.0156 128.7616 0002773 217.9780 210.5051  1.00273448 41246
THURAYA-3               
1 32404U 08001A   19068.11111675 -.00000305  00000-0  00000+0 0  9997
2 32404   3.8231   1.9879 0004811 342.4528 320.5645  1.00272625 40888
EXPRESS-AM33            
1 32478U 08003A   19065.60971126 -.00000291  00000-0  00000-0 0  9991
2 32478   0.0381 291.0227 0001178 144.6902  44.2778  1.00270175 40946
THOR 5                  
1 32487U 08006A   19068.37849475 -.00000015  00000-0  00000+0 0  9995
2 32487   0.0550 269.2386 0002346  85.1030 307.9148  1.00272316 40530
KIZUNA (WINDS)          
1 32500U 08007A   19068.47881600 -.00000268  00000-0  00000+0 0  9999
2 32500   2.1939  86.5038 0002267 266.3893 128.9121  1.00263152 40390
AMC-14                  
1 32708U 08011A   19067.66424128  .00000092  00000-0  00000-0 0  9997
2 32708  20.2104  53.7483 0044105 354.7599  14.6467  1.00272228 41510
DIRECTV 11              
1 32729U 08013A   19068.57076515 -.00000131  00000-0  00000+0 0  9990
2 32729   0.0026 221.2099 0000075  40.1215  11.9108  1.00272383 40294
ICO G1                  
1 32763U 08016A   19068.64727810 -.00000174  00000-0  00000+0 0  9997
2 32763   3.6436   4.3690 0002022 356.1368 306.6841  1.00271518 39820
VINASAT-1               
1 32767U 08018A   19068.83570762 -.00000333  00000-0  00000+0 0  9993
2 32767   0.0403 315.8504 0001774  71.7420 212.4166  1.00272396 39969
STAR ONE C2             
1 32768U 08018B   19068.79540465 -.00000270  00000-0  00000+0 0  9996
2 32768   0.0147 169.8405 0000902 165.4361  48.2486  1.00272112 39910
TIANLIAN 1-01           
1 32779U 08019A   19067.82021906 -.00000141  00000-0  00000+0 0  9993
2 32779   3.1363  73.8717 0037621 245.4295 222.1063  1.00269448 39821
AMOS-3                  
1 32794U 08022A   19068.18799365 -.00000041  00000-0  00000+0 0  9994
2 32794   0.0418 260.8897 0001480 114.9490 214.2715  1.00272133 39802
GALAXY 18 (G-18)        
1 32951U 08024A   19068.56364258  .00000020  00000-0  00000+0 0  9998
2 32951   0.0218 115.9208 0002947 237.8864 253.0361  1.00271071 39448
CHINASAT 9 (ZX 9)       
1 33051U 08028A   19068.49608039 -.00000253  00000-0  00000+0 0  9993
2 33051   0.0204 238.6453 0003836 117.8649  81.1592  1.00274096 39374
SKYNET 5C               
1 33055U 08030A   19068.19355097 -.00000146  00000-0  00000+0 0  9991
2 33055   0.0618   8.8837 0003063 351.0117 218.5065  1.00271831 39256
TURKSAT 3A              
1 33056U 08030B   19068.17165846  .00000140  00000-0  00000+0 0  9994
2 33056   0.0530  90.4366 0004134 279.7688 260.1118  1.00272390 39436
INTELSAT 25 (IS-25)     
1 33153U 08034A   19068.44409615 -.00000229  00000-0  00000+0 0  9990
2 33153   0.0149 203.4053 0002464 107.1455 344.6535  1.00271869 38990
BADR-6                  
1 33154U 08034B   19068.16843073  .00000139  00000-0  00000+0 0  9999
2 33154   0.0662  49.8659 0005939 331.8440 231.4579  1.00272991 39107
ECHOSTAR 11             
1 33207U 08035A   19068.49630187 -.00000062  00000-0  00000+0 0  9991
2 33207   0.0421 270.0304 0002587  65.3806 260.1358  1.00272120 39013
SUPERBIRD-C2            
1 33274U 08038A   19068.53523385 -.00000256  00000-0  00000+0 0  9999
2 33274   0.0450 263.9258 0000946  71.9535 167.6522  1.00272787 38749
AMC-21                  
1 33275U 08038B   19068.57979196  .00000031  00000-0  00000+0 0  9999
2 33275   0.0487 313.0944 0002507  35.2886 262.4004  1.00270707 38824
INMARSAT 4-F3           
1 33278U 08039A   19068.57131874 -.00000142  00000-0  00000+0 0  9990
2 33278   3.0207   7.9149 0002724 349.8446 276.8769  1.00271777 38626
NIMIQ 4                 
1 33373U 08044A   19068.50585913 -.00000226  00000-0  00000+0 0  9995
2 33373   0.0197 124.2919 0002578 227.6383 275.0622  1.00271278 38192
GALAXY 19 (G-19)        
1 33376U 08045A   19068.55623778 -.00000144  00000-0  00000+0 0  9995
2 33376   0.0143 124.7051 0003098 234.1114 271.3693  1.00271764 38198
VENESAT-1               
1 33414U 08055A   19068.50664425 -.00000243  00000-0  00000+0 0  9998
2 33414   0.0339  96.2350 0002091 271.7395 263.2900  1.00270923 37919
ASTRA 1M                
1 33436U 08057A   19068.16712219  .00000114  00000-0  00000+0 0  9997
2 33436   0.0100 171.8396 0001348 236.2727 197.7791  1.00272521 37834
CIEL-2                  
1 33453U 08063A   19068.60014191  .00000053  00000-0  00000+0 0  9998
2 33453   0.0113 178.6693 0002881 159.8566 275.6406  1.00272144 37500
EUTELSAT HOT BIRD 13C   
1 33459U 08065A   19068.14146727  .00000081  00000-0  00000+0 0  9997
2 33459   0.0193  12.8635 0004076   4.7123 212.8684  1.00271239 37600
EUTELSAT 48D            
1 33460U 08065B   19068.53176819  .00000118  00000-0  00000+0 0  9998
2 33460   0.0775 319.3952 0001416  37.2863  49.7555  1.00275924 37476
FENGYUN 2E              
1 33463U 08066A   19068.82672231 -.00000206  00000-0  00000+0 0  9992
2 33463   3.3959  69.2505 0004443 264.8798 217.4950  1.00270980 37450
EXPRESS-AM44            
1 33595U 09007A   19068.18799365 -.00000095  00000-0  00000+0 0  9997
2 33595   0.0249 286.2514 0000876 153.1701 143.8109  1.00272176 36910
NSS-9                   
1 33749U 09008A   19068.84582699  .00000067  00000-0  00000+0 0  9990
2 33749   0.0555 322.0844 0002057  30.8756 301.8094  1.00273019 36927
EUTELSAT 33E            
1 33750U 09008B   19068.21021670  .00000150  00000-0  00000+0 0  9993
2 33750   0.0624 347.6986 0004507 359.6870 287.9759  1.00269944 36954
TELSTAR 11N             
1 34111U 09009A   19068.80186009 -.00000256  00000-0  00000+0 0  9997
2 34111   0.0098 184.0948 0002429 150.2761  83.9125  1.00269941 36786
EUTELSAT 10A            
1 34710U 09016A   19068.31924581  .00000062  00000-0  00000+0 0  9995
2 34710   0.0667 359.4957 0005340 350.6813 301.4350  1.00270640 36326
WGS F2 (USA 204)        
1 34713U 09017A   19068.75813810  .00000043  00000-0  00000+0 0  9998
2 34713   0.0110 155.4846 0000528 325.6165  19.1681  1.00270759 36307
SES-7 (PROTOSTAR 2)     
1 34941U 09027A   19068.09076972 -.00000351  00000-0  00000+0 0  9992
2 34941   0.0314 108.1024 0001926 185.8564  13.4531  1.00273607 35979
MEASAT-3A               
1 35362U 09032A   19068.10972097 -.00000248  00000-0  00000+0 0  9996
2 35362   0.0407 218.8228 0001568  67.1359  11.5513  1.00272033 35589
GOES 14                 
1 35491U 09033A   19068.56001944 -.00000098  00000-0  00000+0 0  9997
2 35491   0.0574 110.3878 0008612 131.6104  22.2164  1.00271796 35515
SIRIUS FM-5             
1 35493U 09034A   19068.50498677 -.00000206  00000-0  00000+0 0  9998
2 35493   0.0404 299.0349 0000829  62.6992 260.7989  1.00273327 35333
TERRESTAR-1             
1 35496U 09035A   19068.64361419 -.00000059  00000-0  00000+0 0  9996
2 35496   2.5293   1.2592 0003151 359.4612 286.9669  1.00272474 35516
ASIASAT 5               
1 35696U 09042A   19068.49818701 -.00000313  00000-0  00000+0 0  9993
2 35696   0.0202 131.0083 0001685 204.5249 111.1640  1.00274921 35038
JCSAT-RA (JCSAT-12)     
1 35755U 09044A   19068.86306025 -.00000037  00000-0  00000+0 0  9996
2 35755   0.0099 187.0303 0001637 155.8652 303.9151  1.00271669 35020
OPTUS D3                
1 35756U 09044B   19068.84041837 -.00000152  00000-0  00000+0 0  9990
2 35756   0.0501   0.1656 0004270 353.5300 272.0794  1.00271926 34998
PALAPA D                
1 35812U 09046A   19067.22614460 -.00000365  00000-0  00000+0 0  9990
2 35812   0.0232 112.1451 0002179 262.4249 345.4177  1.00273204 35021
NIMIQ 5                 
1 35873U 09050A   19068.50769109 -.00000262  00000-0  00000+0 0  9991
2 35873   0.0448 281.9961 0002819  77.5329 277.4237  1.00272935 34719
AMAZONAS 2              
1 35942U 09054A   19068.46902400 -.00000288  00000-0  00000+0 0  9998
2 35942   0.0188 159.0175 0001457 245.6644 230.0274  1.00274280 34535
COMSATBW-1              
1 35943U 09054B   19068.10405064  .00000018  00000-0  00000+0 0  9994
2 35943   0.0554  93.8871 0002448 276.3077 256.7424  1.00273812 34614
NSS-12                  
1 36032U 09058A   19068.46180501  .00000066  00000-0  00000+0 0  9996
2 36032   0.0428 317.7934 0002635  26.7311  45.5652  1.00271078 34291
THOR 6                  
1 36033U 09058B   19068.18799365 -.00000016  00000-0  00000+0 0  9996
2 36033   0.0109 164.6051 0001657 182.2625 246.5385  1.00272354 34324
INTELSAT 14 (IS-14)     
1 36097U 09064A   19068.80037708 -.00000278  00000-0  00000+0 0  9998
2 36097   0.0097 204.2045 0002285 142.0696  64.0288  1.00274363 34062
EUTELSAT 36B            
1 36101U 09065A   19068.21021670  .00000150  00000-0  00000+0 0  9999
2 36101   0.0667 355.1779 0004436 355.9298 287.0630  1.00269835 34161
INTELSAT 15 (IS-15)     
1 36106U 09067A   19067.84702181 -.00000192  00000-0  00000+0 0  9994
2 36106   0.0191 131.1275 0002158 226.9224 198.2612  1.00273199 33953
WGS F3 (USA 211)        
1 36108U 09068A   19068.80700701 -.00000101  00000-0  00000+0 0  9990
2 36108   0.0225 159.1972 0000146  40.1071 246.4191  1.00270674 33883
DIRECTV 12              
1 36131U 09075A   19068.14278337 -.00000109  00000-0  00000+0 0  9994
2 36131   0.0442 317.4794 0000160  98.2767  59.3722  1.00272066 33746
BEIDOU 3                
1 36287U 10001A   19068.87257149 -.00000287  00000-0  00000+0 0  9992
2 36287   1.5116  20.2033 0002474 166.6185  74.5863  1.00272811 33531
RADUGA-1M 2             
1 36358U 10002A   19067.82198707 -.00000190  00000-0  00000-0 0  9994
2 36358   0.0244 243.8170 0002141 136.4754 166.8215  1.00271274 33368
SDO                     
1 36395U 10005A   19068.65538887 -.00000060  00000-0  00000+0 0  9992
2 36395  29.5795 129.2908 0000650  59.5363 111.7602  1.00277011 33393
INTELSAT 16 (IS-16)     
1 36397U 10006A   19068.50699319 -.00000250  00000-0  00000+0 0  9998
2 36397   0.0120 129.2389 0001909 220.8626 283.1040  1.00272362 33098
GOES 15                 
1 36411U 10008A   19068.60014191  .00000050  00000-0  00000+0 0  9994
2 36411   0.0188 200.9689 0002115  67.2655 346.4084  1.00272524 33039
ECHOSTAR 14             
1 36499U 10010A   19068.49797846 -.00000005  00000-0  00000+0 0  9996
2 36499   0.0098 209.3942 0002892 133.5736 244.2803  1.00272484 32891
SES-1                   
1 36516U 10016A   19068.21492747 -.00000120  00000-0  00000+0 0  9992
2 36516   0.0503 304.8096 0002292  39.3506 158.8085  1.00272436 32490
ASTRA 3B                
1 36581U 10021A   19068.16790731  .00000131  00000-0  00000+0 0  9999
2 36581   0.0379  46.4115 0003176 301.1250 262.9381  1.00270685 32009
COMSATBW-2              
1 36582U 10021B   19068.81197946  .00000083  00000-0  00000+0 0  9997
2 36582   0.0260 259.4731 0001979 103.7898 109.4381  1.00269340 32351
BEIDOU 4                
1 36590U 10024A   19068.18660399 -.00000144  00000-0  00000+0 0  9995
2 36590   1.5447  35.1241 0000981  27.0809 251.5755  1.00272350 32135
BADR-5                  
1 36592U 10025A   19068.11160729  .00000139  00000-0  00000+0 0  9996
2 36592   0.0295 129.3742 0000683 227.6978 235.5742  1.00273024 32258
COMS 1                  
1 36744U 10032A   19068.83492250 -.00000349  00000-0  00000+0 0  9993
2 36744   0.0083 168.2547 0000632 242.1529 185.5403  1.00271686 32019
ARABSAT-5A              
1 36745U 10032B   19068.81546889  .00000148  00000-0  00000+0 0  9996
2 36745   0.0572  26.7309 0002978 359.9923 104.5350  1.00269128 31993
ECHOSTAR 15             
1 36792U 10034A   19068.79706213 -.00000287  00000-0  00000+0 0  9991
2 36792   0.0469 284.9677 0001963  36.9952  70.4955  1.00273811 31764
NILESAT 201             
1 36830U 10037A   19068.80796661 -.00000063  00000-0  00000+0 0  9997
2 36830   0.0443 193.1055 0004737 176.2652  81.6779  1.00271932 31655
RASCOM-QAF 1R           
1 36831U 10037B   19068.30739750  .00000013  00000-0  00000+0 0  9993
2 36831   0.0110 156.3274 0005393 191.8316 292.0924  1.00270183 31646
AEHF-1 (USA 214)        
1 36868U 10039A   19068.81014750  .00000023  00000-0  00000+0 0  9998
2 36868   1.6680 108.5594 0003614 245.8919 108.4380  1.00268806 31805
CHINASAT 6A (ZX 6A)     
1 37150U 10042A   19068.08521524 -.00000360  00000-0  00000+0 0  9993
2 37150   0.0257 233.5750 0003404 266.9355 181.6781  1.00270599 31250
QZS-1 (MICHIBIKI-1)     
1 37158U 10045A   19067.55163422 -.00000195  00000-0  00000+0 0  9990
2 37158  41.2513 150.2456 0761971 270.7453  76.5379  1.00250442 31069
XM-5                    
1 37185U 10053A   19068.50524847 -.00000210  00000-0  00000+0 0  9995
2 37185   0.0245 152.9670 0000473  80.2590  30.3371  1.00269921 30803
BSAT-3B                 
1 37207U 10056B   19068.49519089 -.00000356  00000-0  00000+0 0  9994
2 37207   0.0927 303.9829 0004860  26.3314 124.6828  1.00273583 30632
BEIDOU 6                
1 37210U 10057A   19068.84129072 -.00000116  00000-0  00000+0 0  9991
2 37210   0.9673  54.1238 0003881 189.0446  26.8699  1.00274183 30644
SKYTERRA 1              
1 37218U 10061A   19068.21484022 -.00000123  00000-0  00000+0 0  9992
2 37218   2.4938 342.8058 0004187  10.1611 149.6464  1.00272646 30587
ZHONGXING-20A           
1 37234U 10064A   19068.07965781 -.00000343  00000-0  00000+0 0  9997
2 37234   0.0327  55.4416 0005609   0.5726 269.1426  1.00273799 30380
HYLAS 1                 
1 37237U 10065A   19068.31924581  .00000086  00000-0  00000+0 0  9994
2 37237   0.1069 289.1011 0001912  49.0314 317.2915  1.00270446 30360
INTELSAT 17 (IS-17)     
1 37238U 10065B   19068.46354973 -.00000007  00000-0  00000+0 0  9997
2 37238   0.0218 214.9392 0002518 138.7300  46.0345  1.00271793 30289
EUTELSAT KA-SAT 9A      
1 37258U 10069A   19068.30861882  .00000056  00000-0  00000+0 0  9991
2 37258   0.0240  76.3978 0004898 298.0907 272.3198  1.00270154 30170
HISPASAT 30W-6          
1 37264U 10070A   19068.80334310 -.00000221  00000-0  00000+0 0  9991
2 37264   0.0365 120.9203 0002727 264.3991  41.0712  1.00270714 30030
KOREASAT 6              
1 37265U 10070B   19068.47358185 -.00000367  00000-0  00000+0 0  9992
2 37265   0.0230 143.4064 0001703 194.0827 115.8744  1.00268965 30048
BEIDOU 8                
1 37384U 11013A   19068.81709006 -.00000152  00000-0  10000-3 0  9999
2 37384  58.6445  66.3709 0041356 209.1875 305.3425  1.00284689 29046
INTELSAT NEW DAWN       
1 37392U 11016A   19068.81590507  .00000151  00000-0  00000+0 0  9998
2 37392   0.0238 214.4049 0000355 164.9745 114.3562  1.00273255 28885
YAHSAT 1A               
1 37393U 11016B   19068.46084542  .00000095  00000-0  00000+0 0  9994
2 37393   0.0159 190.3380 0001838 164.2040  30.6941  1.00275541 28922
SBIRS GEO-1 (USA 230)   
1 37481U 11019A   19068.46363698 -.00000013  00000-0  00000+0 0  9998
2 37481   2.6550 329.6053 0002397  32.9520  37.4172  1.00269652 28705
TELSTAR 14R             
1 37602U 11021A   19068.15072183 -.00000286  00000-0  00000+0 0  9990
2 37602   0.0569 320.6064 0003649  47.0026 150.1748  1.00271880 29141
GSAT-8                  
1 37605U 11022A   19068.17427556  .00000079  00000-0  00000+0 0  9993
2 37605   0.0134 150.7906 0006386 139.3534 354.2142  1.00273389 28598
ST-2                    
1 37606U 11022B   19068.10902309 -.00000217  00000-0  00000+0 0  9996
2 37606   0.0124 133.9306 0001401 251.7898 268.0326  1.00272505 28607
CHINASAT 10 (ZX 10)     
1 37677U 11026A   19068.87380148 -.00000357  00000-0  00000+0 0  9998
2 37677   0.0588 276.4027 0001184 267.3398  48.5598  1.00270067 28331
TIANLIAN 1-02           
1 37737U 11032A   19068.48370120 -.00000054  00000-0  00000+0 0  9992
2 37737   2.7009  75.2053 0026671 197.3417 235.4686  1.00269632 28084
GSAT-12                 
1 37746U 11034A   19068.46695194 -.00000170  00000-0  00000+0 0  9992
2 37746   0.0235 103.2852 0013890 333.6405 341.0364  1.00272831 28314
SES-3                   
1 37748U 11035A   19068.14269613 -.00000108  00000-0  00000+0 0  9994
2 37748   0.0526 318.8037 0002125  18.9448 137.1569  1.00271968 28059
KAZSAT-2                
1 37749U 11035B   19068.84771590 -.00000203  00000-0  00000+0 0  9990
2 37749   0.0257 259.1559 0001600 159.3934 140.3518  1.00273700 27936
BEIDOU 9                
1 37763U 11038A   19068.79883438 -.00000089  00000-0  10000-3 0  9995
2 37763  54.4430 189.7960 0058519 221.0738 139.7362  1.00268168 28013
ASTRA 1N                
1 37775U 11041A   19068.16703497  .00000114  00000-0  00000+0 0  9992
2 37775   0.0169  27.9987 0005093 346.9556 230.9280  1.00271596 27750
BSAT-3C (JCSAT-110R)    
1 37776U 11041B   19068.09076972 -.00000357  00000-0  00000+0 0  9996
2 37776   0.0505 289.2173 0000108 212.0299 167.8707  1.00272955 27879
PAKSAT-1R               
1 37779U 11042A   19068.81695190  .00000149  00000-0  00000+0 0  9997
2 37779   0.0129 115.6235 0002442 233.6451 149.9854  1.00274372 27641
CHINASAT 1A (ZX 1A)     
1 37804U 11047A   19068.07965781 -.00000343  00000-0  00000+0 0  9992
2 37804   0.0159 237.8854 0001522 118.2587 328.8401  1.00274160 27431
COSMOS 2473             
1 37806U 11048A   19068.23591014 -.00000114  00000-0  00000+0 0  9993
2 37806   0.0601 115.0175 0001868 267.1581 215.8620  1.00271970 27422
SES-2                   
1 37809U 11049A   19068.50481229 -.00000201  00000-0  00000+0 0  9990
2 37809   0.0447 308.9072 0002422  27.6492 285.0573  1.00272811 27363
ARABSAT-5C              
1 37810U 11049B   19068.16720942  .00000117  00000-0  00000+0 0  9997
2 37810   0.0642  19.1589 0002617 334.8547 252.7092  1.00272773 27269
EUTELSAT 7 WEST A       
1 37816U 11051A   19068.37701174 -.00000066  00000-0  00000+0 0  9999
2 37816   0.0693  26.2442 0002632 175.3056  93.6431  1.00271995 27329
QUETZSAT 1              
1 37826U 11054A   19068.12896549 -.00000248  00000-0  00000+0 0  9999
2 37826   0.0543 319.6457 0002568  47.7549 128.5374  1.00272564 27457
INTELSAT 18 (IS-18)     
1 37834U 11056A   19068.84521633  .00000048  00000-0  00000+0 0  9995
2 37834   0.0238 165.3859 0002189 193.9234 292.2024  1.00269958 27211
EUTELSAT 16A            
1 37836U 11057A   19068.16642431  .00000098  00000-0  00000+0 0  9998
2 37836   0.0702  23.0036 0004611 326.6874 252.7489  1.00272431 27141
VIASAT-1                
1 37843U 11059A   19068.64282907 -.00000029  00000-0  00000+0 0  9994
2 37843   0.0246 159.0999 0002396 184.9035 299.3448  1.00271059 27633
ASIASAT 7               
1 37933U 11069A   19068.04071737 -.00000340  00000-0  00000+0 0  9992
2 37933   0.0369 270.8103 0001483  68.3426 307.4457  1.00271152 26817
BEIDOU 10               
1 37948U 11073A   19068.61307203 -.00000130  00000-0  10000-3 0  9998
2 37948  52.3091 303.3864 0055946 208.3418 331.9648  1.00276143 26764
LUCH 5A                 
1 37951U 11074B   19068.84242478 -.00000060  00000-0  00000+0 0  9997
2 37951   2.2930 133.1769 0003667 220.5802 282.5532  1.00271243 26559
NIGCOMSAT 1R            
1 38014U 11077A   19068.86507986  .00000140  00000-0  00000+0 0  9999
2 38014   0.0322 330.5663 0001832  57.6193 132.9566  1.00273084 26393
FENGYUN 2F              
1 38049U 12002A   19068.54459185 -.00000362  00000-0  00000+0 0  9995
2 38049   1.0231  80.7433 0001792  65.5763 328.8538  1.00277594 26256
WGS F4 (USA 233)        
1 38070U 12003A   19068.50038104 -.00000220  00000-0  00000+0 0  9993
2 38070   0.0236 154.1926 0000254  75.8348 205.3844  1.00269849 26086
SES-4                   
1 38087U 12007A   19068.80500059 -.00000173  00000-0  00000+0 0  9998
2 38087   0.0152  90.4911 0002393 261.3404  83.1372  1.00271211 25856
BEIDOU 11               
1 38091U 12008A   19068.17497343  .00000052  00000-0  00000+0 0  9990
2 38091   1.9281  68.4220 0004998 291.8047 288.0057  1.00272337 25830
MUOS-1                  
1 38093U 12009A   19068.84591422  .00000061  00000-0  00000+0 0  9990
2 38093   2.7044 352.5592 0050794 180.7018 121.4172  1.00273372 25812
INTELSAT 22 (IS-22)     
1 38098U 12011A   19068.75196116 -.00000064  00000-0  00000+0 0  9993
2 38098   0.0222 120.6896 0002742 232.1022 157.1336  1.00272900 25414
APSTAR 7                
1 38107U 12013A   19068.85882481 -.00000106  00000-0  00000+0 0  9991
2 38107   0.0301 121.8449 0002755 236.9429 194.1209  1.00272140 25536
YAHSAT 1B               
1 38245U 12016A   19068.81887109  .00000122  00000-0  00000+0 0  9992
2 38245   0.0105 189.2842 0001546 139.3592 180.9488  1.00271541 25288
AEHF-2 (USA 235)        
1 38254U 12019A   19068.12896549 -.00000279  00000-0  00000+0 0  9991
2 38254   1.5238  22.8937 0004037 332.0400 150.3859  1.00267135 25036
JCSAT-13                
1 38331U 12023A   19068.83405014 -.00000361  00000-0  00000+0 0  9995
2 38331   0.0199 234.1814 0001395 179.8870 177.3901  1.00273014 24934
VINASAT-2               
1 38332U 12023B   19068.83562038 -.00000334  00000-0  00000+0 0  9996
2 38332   0.0455 310.9305 0002369  53.1348 235.8096  1.00272791 24974
NIMIQ 6                 
1 38342U 12026A   19068.56883012 -.00000179  00000-0  00000+0 0  9995
2 38342   0.0518 293.2053 0002698  50.9508 296.4711  1.00273190 24955
CHINASAT 2A (ZX 2A)     
1 38352U 12028A   19067.88174404 -.00000299  00000-0  00000+0 0  9993
2 38352   0.0164 239.1269 0003564 138.2473 204.5821  1.00271132 24995
INTELSAT 19 (IS-19)     
1 38356U 12030A   19068.84242479 -.00000061  00000-0  00000+0 0  9992
2 38356   0.0124  86.9637 0002884 259.6579 289.8666  1.00273396 24875
ECHOSTAR 17             
1 38551U 12035A   19068.55832431 -.00000080  00000-0  00000+0 0  9996
2 38551   0.0246 158.1724 0002057 182.9315 279.7405  1.00270780 24484
METEOSAT-10 (MSG-3)     
1 38552U 12035B   19068.59579934  .00000056  00000-0  00000+0 0  9999
2 38552   0.9919  11.8340 0000645  45.1630 333.6425  1.00274314 24581
SES-5                   
1 38652U 12036A   19068.81032197  .00000029  00000-0  00000+0 0  9991
2 38652   0.0201 135.7576 0001806 213.9659 114.1544  1.00272638 24435
TIANLIAN 1-03           
1 38730U 12040A   19068.02300847  .00000102  00000-0  00000+0 0  9998
2 38730   0.1328 267.9564 0004182 149.7014 133.7646  1.00271400 24345
INTELSAT 20 (IS-20)     
1 38740U 12043A   19068.85327025 -.00000029  00000-0  00000+0 0  9999
2 38740   0.0211 146.1302 0002189  38.1089 358.6530  1.00272573 24197
HYLAS 2                 
1 38741U 12043B   19068.21021670  .00000148  00000-0  00000+0 0  9998
2 38741   0.0193 177.7807 0001760 163.1535 292.3655  1.00270862 24209
INTELSAT 21 (IS-21)     
1 38749U 12045A   19068.51065711 -.00000290  00000-0  00000+0 0  9994
2 38749   0.0194 184.8056 0001985 158.3570 309.5651  1.00272862 23991
ASTRA 2F                
1 38778U 12051A   19068.21021670  .00000144  00000-0  00000+0 0  9993
2 38778   0.0749 236.0539 0002461  30.5816   3.8158  1.00272878 23644
GSAT-10                 
1 38779U 12051B   19067.89285557 -.00000171  00000-0  00000-0 0  9995
2 38779   0.0205 177.8918 0000980 205.4627 187.3307  1.00270125 23470
INTELSAT 23 (IS-23)     
1 38867U 12057A   19068.79880684 -.00000290  00000-0  00000+0 0  9992
2 38867   0.0094 176.3425 0001544 173.3274  52.0657  1.00273294 23475
BEIDOU 16               
1 38953U 12059A   19068.10823796 -.00000179  00000-0  00000+0 0  9992
2 38953   1.6545  83.0997 0006614 225.4321 340.8821  1.00269558 23404
LUCH 5B                 
1 38977U 12061A   19066.22170834 -.00000139  00000-0  00000+0 0  9996
2 38977   4.7979  70.5403 0006384 295.3976 222.1754  1.00271274 23511
YAMAL 300K              
1 38978U 12061B   19068.84582699  .00000066  00000-0  00000+0 0  9991
2 38978   0.0142 196.0002 0001009 211.5614 247.0982  1.00271339 23230
STAR ONE C3             
1 38991U 12062A   19068.50725491 -.00000254  00000-0  00000+0 0  9999
2 38991   0.0212 174.6176 0002489 194.9300 264.9751  1.00269899 23214
EUTELSAT 21B            
1 38992U 12062B   19068.16755837  .00000124  00000-0  00000+0 0  9994
2 38992   0.0704  22.9267 0002362 325.8733 259.6314  1.00272575 23224
ECHOSTAR 16             
1 39008U 12065A   19068.50995921 -.00000287  00000-0  00000+0 0  9995
2 39008   0.0102 173.8906 0002024 167.3065 307.7708  1.00272037 23161
CHINASAT 12 (ZX 12)     
1 39017U 12067A   19067.89358446 -.00000213  00000-0  00000-0 0  9993
2 39017   0.0187 123.7698 0002287 229.4770 222.2343  1.00271981 23062
EUTELSAT 70B            
1 39020U 12069A   19068.46450934 -.00000049  00000-0  00000+0 0  9994
2 39020   0.0636   2.6655 0001714 329.7777  72.1536  1.00271501 22971
YAMAL 402               
1 39022U 12070A   19068.47549375  .00000081  00000-0  00000+0 0  9992
2 39022   0.0202 163.2246 0002882 199.1684  30.5471  1.00269802 22961
SKYNET 5D               
1 39034U 12075A   19068.53272778  .00000094  00000-0  00000+0 0  9991
2 39034   0.0780  15.1145 0004036 331.2018  65.0963  1.00272001 22886
MEXSAT 3                
1 39035U 12075B   19068.10674341 -.00000031  00000-0  00000+0 0  9999
2 39035   0.0131 141.7947 0001998 214.7876  93.5226  1.00272302 22831
TDRS 11                 
1 39070U 13004A   19068.56993883  .00000074  00000-0  00000+0 0  9992
2 39070   4.5164 329.2959 0003380 355.3791 233.2666  1.00265942 22345
AMAZONAS 3              
1 39078U 13006A   19068.79723660 -.00000287  00000-0  00000+0 0  9998
2 39078   0.0305 210.4650 0002475  93.7312  88.9987  1.00271421 22335
AZERSPACE 1             
1 39079U 13006B   19068.81852214  .00000128  00000-0  00000+0 0  9993
2 39079   0.0193 143.6379 0001219 208.3391 155.8421  1.00272818 22295
SBIRS GEO-2 (USA 241)   
1 39120U 13011A   19068.81346247  .00000116  00000-0  00000+0 0  9997
2 39120   2.7205 330.0142 0001920  27.9344 122.6709  1.00272546 21958
EUTELSAT 117 WEST A     
1 39122U 13012A   19068.10674341 -.00000019  00000-0  00000+0 0  9994
2 39122   0.0506 315.1534 0002742  32.3601 100.5917  1.00272414 21829
ANIK G1                 
1 39127U 13014A   19066.56253903 -.00000083  00000-0  00000+0 0  9997
2 39127   0.0250 273.0160 0002504  58.5723 288.5880  1.00272634 21592
CHINASAT 11 (ZX 11)     
1 39157U 13020A   19066.98313308 -.00000298  00000-0  00000+0 0  9997
2 39157   0.0346 150.6020 0003637 156.7433 309.9320  1.00269058 21495
EUTELSAT 7B             
1 39163U 13022A   19068.02827233  .00000042  00000-0  00000+0 0  9996
2 39163   0.0574  44.4424 0005672 311.8045 187.3333  1.00273316 21334
WGS F5 (USA 243)        
1 39168U 13024A   19068.11785657 -.00000290  00000-0  00000+0 0  9992
2 39168   0.0051 166.3649 0000139 169.6842 180.3878  1.00272033 21184
SES-6                   
1 39172U 13026A   19068.18174414 -.00000267  00000-0  00000+0 0  9993
2 39172   0.0630 301.5523 0001679  41.3288 208.6108  1.00272065 21079
IRNSS-1A                
1 39199U 13034A   19068.67667660  .00000104  00000-0  00000+0 0  9994
2 39199  29.9347 104.3490 0020748 188.6202 172.7213  1.00274767 21017
MUOS-2                  
1 39206U 13036A   19068.21510192 -.00000132  00000-0  00000+0 0  9994
2 39206   2.9761 344.1793 0058196   0.3246 159.4780  1.00273673 20669
ALPHASAT                
1 39215U 13038A   19068.16816903  .00000132  00000-0  00000+0 0  9998
2 39215   2.1527  23.8494 0001804 322.3905 265.6790  1.00271870 20627
INSAT-3D                
1 39216U 13038B   19068.55049539 -.00000161  00000-0  00000+0 0  9998
2 39216   0.0581 263.5514 0001065 105.0139  78.6214  1.00271595 20666
WGS F6 (USA 244)        
1 39222U 13041A   19068.63570424  .00000084  00000-0  00000+0 0  9993
2 39222   0.0104 149.4642 0001680 158.3824 312.8214  1.00271419 20425
EUTELSAT 25B            
1 39233U 13044A   19068.31368851  .00000137  00000-0  00000+0 0  9991
2 39233   0.0621 348.2875 0001585 343.1855 333.6369  1.00270430 20255
GSAT-7                  
1 39234U 13044B   19068.49558264 -.00000082  00000-0  00000+0 0  9990
2 39234   0.0247 246.2321 0008329  44.0022 129.0249  1.00272299 20269
AMOS-4                  
1 39237U 13045A   19068.46337525  .00000002  00000-0  00000+0 0  9997
2 39237   0.0335 118.5809 0002684 263.9169  16.1507  1.00272287 20253
AEHF-3 (USA 246)        
1 39256U 13050A   19068.87087819 -.00000190  00000-0  00000+0 0  9996
2 39256   1.3351 310.6810 0007200  37.7586 284.4672  1.00268286 20046
ASTRA 2E                
1 39285U 13056A   19068.52784257  .00000145  00000-0  00000+0 0  9995
2 39285   0.0677  43.5908 0002281 295.4944  46.3298  1.00269500 19957
SIRIUS FM-6             
1 39360U 13058A   19068.35860448 -.00000023  00000-0  00000+0 0  9995
2 39360   0.0139 124.6852 0001493  64.4818 350.5188  1.00273338 19706
RADUGA-1M 3             
1 39375U 13062A   19068.17724156 -.00000045  00000-0  00000+0 0  9995
2 39375   0.0187 190.6413 0001327 180.9982 288.7693  1.00273172 19487
SES-8                   
1 39460U 13071A   19068.82829256 -.00000275  00000-0  00000+0 0  9994
2 39460   0.0517 269.4591 0001692 111.5770 179.3644  1.00273450 19234
INMARSAT 5-F1           
1 39476U 13073A   19068.60644209  .00000023  00000-0  00000+0 0  9992
2 39476   0.0105 142.3346 0000228 256.6126  48.9615  1.00270684 19292
TKSAT-1 (TUPAC KATARI)  
1 39481U 13075A   19068.13451984 -.00000201  00000-0  00000+0 0  9993
2 39481   0.0532 316.9909 0003080  37.3963 133.3729  1.00272805 19201
EXPRESS-AM5             
1 39487U 13077A   19068.87257149 -.00000285  00000-0  00000+0 0  9991
2 39487   0.0510 307.9092 0000721  90.0745 223.4110  1.00271168 19733
GSAT-14                 
1 39498U 14001A   19068.06545727 -.00000083  00000-0  00000+0 0  9990
2 39498   0.0574 269.1957 0004286  34.0445 320.7544  1.00272299 18938
THAICOM 6               
1 39500U 14002A   19068.10710390 -.00000128  00000-0  00000+0 0  9990
2 39500   0.0546 127.8303 0001624 289.0541 226.7207  1.00272439 18878
TDRS 12                 
1 39504U 14004A   19068.18174414 -.00000275  00000-0  00000+0 0  9998
2 39504   5.2396 336.3610 0002707 332.8330 241.8139  1.00276768 18800
ABS-2                   
1 39508U 14006A   19068.06545727 -.00000092  00000-0  00000+0 0  9997
2 39508   0.0497 308.0251 0002711  41.6169 275.2958  1.00272226 18676
ATHENA-FIDUS            
1 39509U 14006B   19068.81686466  .00000149  00000-0  00000+0 0  9999
2 39509   0.0110 154.5197 0001020 207.6404 136.8869  1.00272016 18861
TURKSAT 4A              
1 39522U 14007A   19068.46941581  .00000141  00000-0  00000+0 0  9990
2 39522   0.0718 276.3572 0003767  33.6207  67.8734  1.00269087 18574
EXPRESS-AT1             
1 39612U 14010A   19068.67693830  .00000073  00000-0  00000+0 0  9992
2 39612   0.0505 302.9715 0000335 301.6872 222.0868  1.00272933 18417
EXPRESS-AT2             
1 39613U 14010B   19068.47829258 -.00000287  00000-0  00000+0 0  9994
2 39613   0.0495 307.8362 0000153 175.8684 355.1793  1.00273591 18245
AMAZONAS 4A             
1 39616U 14011A   19068.50742938 -.00000258  00000-0  00000+0 0  9999
2 39616   0.0642  70.3796 0003211 281.6225 283.5634  1.00273740 18222
ASTRA 5B                
1 39617U 14011B   19068.74384823  .00000150  00000-0  00000+0 0  9991
2 39617   0.0341 337.3755 0002689   3.5146 125.5429  1.00275495 18238
IRNSS-1B                
1 39635U 14017A   19068.17427556  .00000093  00000-0  00000+0 0  9991
2 39635  28.6950 284.8096 0018888 177.4696 182.0516  1.00270515 18157
LUCH 5V                 
1 39727U 14023A   19068.11033163 -.00000275  00000-0  00000+0 0  9994
2 39727   1.4253 301.9274 0003559  77.3197 281.6931  1.00271127535876
KAZSAT-3                
1 39728U 14023B   19068.87063403  .00000057  00000-0  00000+0 0  9995
2 39728   0.0148 174.1979 0000140  24.7093 340.2349  1.00267398 17809
EUTELSAT 3B             
1 39773U 14030A   19068.17549444  .00000014  00000-0  00000+0 0  9993
2 39773   0.0719 336.3172 0001981 243.4246  13.0794  1.00272804 17575
ASIASAT 8               
1 40107U 14046A   19068.80857726 -.00000038  00000-0  00000+0 0  9995
2 40107   0.0186 200.1150 0001867 147.4330 106.8305  1.00272241 16865
ASIASAT 6               
1 40141U 14052A   19068.08521524 -.00000368  00000-0  00000+0 0  9990
2 40141   0.0325 274.8012 0000400 121.8750 280.3631  1.00270226 16510
OPTUS 10                
1 40146U 14054A   19068.84050559 -.00000152  00000-0  00000+0 0  9997
2 40146   0.0673 117.7386 0001948 222.1344 285.9081  1.00272092 16481
MEASAT-3B               
1 40147U 14054B   19068.49608039 -.00000247  00000-0  00000+0 0  9996
2 40147   0.0345  31.3551 0002925 338.7927  66.8183  1.00270990 16530
LUCH (OLYMP)            
1 40258U 14058A   19068.76647581  .00000045  00000-0  00000+0 0  9993
2 40258   0.0541 268.4167 0001396  90.7462 143.8537  1.00271577 16303
HIMAWARI-8              
1 40267U 14060A   19068.87257149 -.00000281  00000-0  00000+0 0  9998
2 40267   0.0019 184.8626 0001086 163.0542 274.1207  1.00271214 16224
IRNSS-1C                
1 40269U 14061A   19068.10806350 -.00000168  00000-0  00000+0 0  9995
2 40269   2.0401 216.0678 0018422  10.7563  61.6256  1.00270636 16186
INTELSAT 30 (IS-30)     
1 40271U 14062A   19068.47003667 -.00000156  00000-0  00000+0 0  9996
2 40271   0.0218 162.3197 0001547 315.7245 122.9770  1.00271682 16125
ARSAT 1                 
1 40272U 14062B   19068.43607043 -.00000265  00000-0  00000+0 0  9992
2 40272   0.0182 171.8408 0000977 166.6663 273.4821  1.00272489 16247
EXPRESS-AM6             
1 40277U 14064A   19068.81991792  .00000093  00000-0  00000+0 0  9996
2 40277   0.0480 313.5850 0000030 264.3680 297.4101  1.00270983 16035
GSAT-16                 
1 40332U 14078A   19068.17427556  .00000079  00000-0  00000+0 0  9998
2 40332   0.0238 259.4835 0004641 171.5834 213.2666  1.00272709 15614
DIRECTV 14              
1 40333U 14078B   19068.57076506 -.00000131  00000-0  00000+0 0  9998
2 40333   0.0311 272.1877 0000454 314.6659  46.3219  1.00274014 15607
YAMAL 401               
1 40345U 14082A   19068.10945927 -.00000234  00000-0  00000+0 0  9991
2 40345   0.0158 169.0245 0000985 271.9547 214.8551  1.00272983 15763
ASTRA 2G                
1 40364U 14089A   19068.02527661  .00000144  00000-0  00000+0 0  9990
2 40364   0.0453 354.4453 0003775  32.2273 177.0463  1.00270853 15370
FENGYUN 2G              
1 40367U 14090A   19067.89593983 -.00000306  00000-0  00000-0 0  9991
2 40367   1.0058 103.7162 0002965 297.4276 187.2403  1.00265269 15399
MUOS-3                  
1 40374U 15002A   19068.80613465 -.00000133  00000-0  00000+0 0  9990
2 40374   3.3220 337.6148 0051059 179.3373 284.9513  1.00270847 15181
INMARSAT 5-F2           
1 40384U 15005A   19068.44109878 -.00000291  00000-0  00000+0 0  9997
2 40384   0.0190 149.5424 0000496 148.7798 332.2922  1.00272192 15039
ABS-3A                  
1 40424U 15010A   19068.37805856 -.00000032  00000-0  00000+0 0  9992
2 40424   0.0196 128.2323 0001444 156.6557  14.9772  1.00271866 14760
EUTELSAT 115 WEST B     
1 40425U 15010B   19068.14034076 -.00000031  00000-0  00000+0 0  9995
2 40425   0.0100 347.1083 0000304  16.0657  98.9664  1.00272408 14793
EXPRESS-AM7             
1 40505U 15012A   19067.59689517  .00000144  00000-0  00000-0 0  9995
2 40505   0.0143 145.8248 0002552 177.5973  97.4396  1.00274083 14715
IRNSS-1D                
1 40547U 15018A   19068.86530931 -.00000290  00000-0  00000+0 0  9995
2 40547  28.6210 284.8961 0019701 178.6858 126.7840  1.00265569 14603
BD-17                   
1 40549U 15019A   19068.49417972 -.00000163  00000-0  00000+0 0  9995
2 40549  53.6967 326.5587 0037292 189.7172 285.2679  1.00274628 14446
THOR 7                  
1 40613U 15022A   19068.80927514 -.00000013  00000-0  00000+0 0  9998
2 40613   0.0182 216.5183 0002487 128.9529 112.4022  1.00271310 14181
TURKMENALEM52E/MONACOSAT
1 40617U 15023A   19068.10186975  .00000098  00000-0  00000+0 0  9996
2 40617   0.0148 114.8206 0001862 249.3024 251.0435  1.00272755 14189
DIRECTV 15              
1 40663U 15026A   19068.55992936 -.00000121  00000-0  00000+0 0  9999
2 40663   0.0137 134.1991 0000478  54.3763  79.0864  1.00273538 13891
SKY MEXICO-1            
1 40664U 15026B   19068.13451984 -.00000240  00000-0  00000+0 0  9999
2 40664   0.0233 165.6206 0002086 196.6327 133.9109  1.00269858 13892
METEOSAT-11 (MSG-4)     
1 40732U 15034A   19068.59396737 -.00000010  00000-0  00000+0 0  9993
2 40732   0.9295 224.4673 0001067  97.8597  58.2775  1.00267680 13402
STAR ONE C4             
1 40733U 15034B   19068.50821450 -.00000270  00000-0  00000+0 0  9998
2 40733   0.0334  55.1633 0002881 298.3189 286.3648  1.00272127 13385
WGS F7 (USA 263)        
1 40746U 15036A   19068.48855418  .00000012  00000-0  00000+0 0  9995
2 40746   0.0123 134.8606 0000095 161.4056 221.4920  1.00272458 13232
INTELSAT 34 (IS-34)     
1 40874U 15039A   19068.51109329 -.00000291  00000-0  00000+0 0  9997
2 40874   0.0212 164.4676 0000741  59.3438  71.6035  1.00269589 13026
EUTELSAT 8 WEST B       
1 40875U 15039B   19068.18799365 -.00000072  00000-0  00000+0 0  9993
2 40875   0.0739  34.9438 0002914 322.8306 228.4625  1.00272499 13047
GSAT-6                  
1 40880U 15041A   19068.46695194 -.00000170  00000-0  00000+0 0  9997
2 40880   0.0387 265.4960 0007593  18.1798 134.2342  1.00272885 12993
INMARSAT 5-F3           
1 40882U 15042A   19068.55802618  .00000045  00000-0  00000+0 0  9991
2 40882   0.0188 145.7052 0000437 323.3122  78.4080  1.00272866 12917
MUOS-4                  
1 40887U 15044A   19068.17811392 -.00000098  00000-0  00000+0 0  9994
2 40887   3.5078 335.4163 0058157   0.4067 329.8333  1.00272282 12929
TJS-1                   
1 40892U 15046A   19068.80505058 -.00000161  00000-0  10000-3 0  9997
2 40892   0.0267 227.6872 0002334 149.0024 235.3368  1.00270902 12910
EXPRESS-AM8             
1 40895U 15048A   19068.23591014 -.00000117  00000-0  00000+0 0  9992
2 40895   0.0345 289.4968 0001088 181.7380 126.3000  1.00271955 12736
BD-20                   
1 40938U 15053A   19068.59007756 -.00000104  00000-0  00000+0 0  9996
2 40938  53.3074 289.5280 0047080 180.0257   5.2554  1.00287121 12729
SKY MUSTER (NBN1A)      
1 40940U 15054A   19068.47837983 -.00000284  00000-0  00000+0 0  9999
2 40940   0.0106 215.3334 0001608 127.9269 136.0435  1.00273069 12641
ARSAT 2                 
1 40941U 15054B   19068.56910594 -.00000230  00000-0  00000+0 0  9991
2 40941   0.0145 167.1462 0001361 176.5696 307.0940  1.00272774 12677
MORELOS 3               
1 40946U 15056A   19068.42450519 -.00000050  00000-0  00000+0 0  9999
2 40946   5.5405 328.1696 0002889 357.1964 241.1371  1.00272123 12630
APSTAR 9                
1 40982U 15059A   19068.22910841 -.00000271  00000-0  00000+0 0  9994
2 40982   0.0442 259.6016 0001341  71.5442  59.9740  1.00271862 12516
TURKSAT 4B              
1 40984U 15060A   19068.53220437  .00000110  00000-0  00000+0 0  9998
2 40984   0.0343 290.0328 0001843  58.8379  59.6475  1.00269369 12473
CHINASAT 2C (ZX 2C)     
1 41021U 15063A   19068.54459131 -.00000329  00000-0  00000+0 0  9993
2 41021   0.0326 284.4798 0003236  87.8577  94.0687  1.00271167 12371
GSAT-15                 
1 41028U 15065A   19068.49662663 -.00000263  00000-0  00000+0 0  9999
2 41028   0.0486 259.3931 0001458  99.1200  80.6301  1.00271745 12228
BADR-7 (ARABSAT-6B)     
1 41029U 15065B   19068.81450931  .00000140  00000-0  00000+0 0  9992
2 41029   0.0563 259.8220 0004174 359.1248 227.4673  1.00270041 12276
LAOSAT 1                
1 41034U 15067A   19068.83500973 -.00000348  00000-0  00000+0 0  9995
2 41034   0.0112 180.6710 0002312 132.5988 283.0547  1.00266404 12202
TELSTAR 12V             
1 41036U 15068A   19068.19355097 -.00000125  00000-0  00000+0 0  9995
2 41036   0.0203 146.5252 0002098 201.1468 233.5888  1.00272332 12085
CHINASAT 1C (ZX 1C)     
1 41103U 15073A   19068.85865122 -.00000155  00000-0  00000+0 0  9997
2 41103   0.5401  97.4300 0003499 214.5691 245.8107  1.00271542 12032
ELEKTRO-L 2             
1 41105U 15074A   19068.17828839 -.00000102  00000-0  00000+0 0  9991
2 41105   0.1298 133.6421 0001819 255.2613 277.8710  1.00271871 11872
COSMOS 2513             
1 41121U 15075A   19068.75361865 -.00000143  00000-0  00000+0 0  9990
2 41121   0.0584 113.1184 0002249 246.5804 158.9695  1.00271496 11963
EXPRESS-AMU1            
1 41191U 15082A   19068.81651572  .00000151  00000-0  00000+0 0  9997
2 41191   0.0199 188.0421 0002732 137.5580 171.6406  1.00269525 11876
GAOFEN 4                
1 41194U 15083A   19068.54328332 -.00000340  00000-0  00000+0 0  9997
2 41194   0.0532 249.5853 0002020 325.0312 253.6195  1.00271629 11851
BELINTERSAT-1           
1 41238U 16001A   19068.17349042  .00000101  00000-0  00000+0 0  9991
2 41238   0.0232 135.2740 0000512 231.8022 273.4161  1.00273156 11613
IRNSS-1E                
1 41241U 16003A   19068.52176993 -.00000280  00000-0  00000+0 0  9998
2 41241  29.0831 103.9438 0020655 185.2528 177.3651  1.00275252 11561
INTELSAT 29E (IS-29E)   
1 41308U 16004A   19068.09007927 -.00000288  00000-0  00000+0 0  9993
2 41308   0.0290 231.3738 0001429 124.5825 152.9643  1.00272364 11512
EUTELSAT 9B             
1 41310U 16005A   19068.16502853  .00000056  00000-0  00000+0 0  9995
2 41310   0.0810  84.4578 0005381 232.2268 278.2570  1.00272606 11465
SES-9                   
1 41380U 16013A   19067.87063273 -.00000352  00000-0  00000-0 0  9997
2 41380   0.0467 274.0623 0001367 129.0794 184.8455  1.00271717 10819
EUTELSAT 65 WEST A      
1 41382U 16014A   19068.12341115 -.00000282  00000-0  00000+0 0  9994
2 41382   0.0626 347.2783 0001730 351.9283 166.5244  1.00274043 11001
IRNSS-1F                
1 41384U 16015A   19068.16973927  .00000151  00000-0  00000+0 0  9997
2 41384   2.9031 244.7167 0021013 175.6563 199.7622  1.00276881 11043
BEIDOU IGSO-6           
1 41434U 16021A   19068.81689546 -.00000118  00000-0  00000+0 0  9997
2 41434  56.3940  65.5140 0034350 202.0138 290.3565  1.00269877 10851
IRNSS-1G                
1 41469U 16027A   19068.51924389 -.00000342  00000-0  00000+0 0  9994
2 41469   2.9549 246.8205 0004646 168.6096  67.9298  1.00275052 10541
JCSAT 2B                
1 41471U 16028A   19068.80505059 -.00000170  00000-0  00000+0 0  9998
2 41471   0.0151 170.8770 0001791 163.6480 276.4587  1.00272570 10455
THAICOM 8               
1 41552U 16031A   19068.46607957 -.00000127  00000-0  00000+0 0  9996
2 41552   0.0604  36.7681 0003566 328.0244  48.3320  1.00273772 10148
INTELSAT 31 (IS-31)     
1 41581U 16035A   19067.85711986 -.00000157  00000-0  00000-0 0  9996
2 41581   0.0188 217.1319 0002486 348.1946 174.4090  1.00273771  9997
BD-2-G7                 
1 41586U 16037A   19068.09076971 -.00000360  00000-0  00000+0 0  9993
2 41586   0.7836  27.9843 0009133  10.2644 271.4397  1.00275890 10147
ABS-2A (MONGOLSAT-1)    
1 41588U 16038A   19068.49558264 -.00000089  00000-0  00000+0 0  9998
2 41588   0.0109 141.1636 0002417 132.0430 146.7731  1.00272191 10066
EUTELSAT 117 WEST B     
1 41589U 16038B   19068.35860421 -.00000017  00000-0  00000+0 0  9996
2 41589   0.0088 336.3949 0000234   7.9368 194.5012  1.00272285 10060
BRISAT                  
1 41591U 16039A   19068.48038625 -.00000202  00000-0  00000+0 0  9993
2 41591   0.0206 179.1340 0002113 165.4239 145.7493  1.00271207 10006
ECHOSTAR 18             
1 41592U 16039B   19068.79714936 -.00000287  00000-0  00000+0 0  9997
2 41592   0.0194 143.0989 0001693 202.4567  47.2448  1.00271698  9996
MUOS-5                  
1 41622U 16041A   19068.65311764 -.00000143  00000-0  00000+0 0  9992
2 41622   8.1975 312.0256 0200009 206.3896 138.7584  1.00273123 10434
TIANTONG-1 1            
1 41725U 16048A   19068.05193654 -.00000323  00000-0  00000+0 0  9993
2 41725   3.6650 328.0849 0006770  34.5336 283.9146  1.00271245  9621
JCSAT-16                
1 41729U 16050A   19068.83649274 -.00000311  00000-0  00000+0 0  9997
2 41729   0.0245 106.8540 0001314 212.7410 284.7513  1.00273147  9437
INTELSAT 36 (IS-36)     
1 41747U 16053A   19067.85882588 -.00000031  00000-0  00000+0 0  9997
2 41747   0.0185 137.5257 0000752 218.2791 188.1379  1.00270399  9314
INTELSAT 33E (IS-33E)   
1 41748U 16053B   19068.17523514  .00000043  00000-0  00000+0 0  9997
2 41748   0.0168 131.9101 0001812 218.7942 298.9502  1.00271591  9574
INSAT-3DR               
1 41752U 16054A   19068.60871023 -.00000082  00000-0  00000+0 0  9996
2 41752   0.0527  99.0833 0012704 181.5207 179.4613  1.00272857  9164
GSAT-18                 
1 41793U 16060A   19068.49558264 -.00000082  00000-0  00000+0 0  9994
2 41793   0.0146 136.5439 0000484 178.5694 104.1578  1.00272047  8898
SKY MUSTER 2            
1 41794U 16060B   19068.53520083 -.00000250  00000-0  00000+0 0  9995
2 41794   0.0108 216.0149 0001489 129.0089 159.3575  1.00271501  8932
HIMAWARI-9              
1 41836U 16064A   19068.23711236 -.00000280  00000-0  00000+0 0  9998
2 41836   0.0320 280.0026 0000894  47.0964  65.6380  1.00274363  8662
SHIJIAN-17 (SJ-17)      
1 41838U 16065A   19068.70703245 -.00000267  00000-0  00000+0 0  9999
2 41838   0.5363  97.7468 0002809 299.2294 118.8082  1.00268912  8599
GOES 16                 
1 41866U 16071A   19068.57896280 -.00000254  00000-0  00000+0 0  9990
2 41866   0.0534 309.6498 0000513  84.5450 265.9858  1.00271605  8477
TIANLIAN 1-04           
1 41869U 16072A   19068.55604970 -.00000113  00000-0  00000+0 0  9999
2 41869   1.2980 284.7200 0012660 147.9788  11.4430  1.00272040  8672
WGS F8 (USA 272)        
1 41879U 16075A   19068.87119940 -.00000207  00000-0  00000+0 0  9990
2 41879   0.0167 142.9078 0000390 222.9917 264.7809  1.00272093  8288
FENGYUN 4A              
1 41882U 16077A   19068.54310884 -.00000335  00000-0  00000+0 0  9992
2 41882   0.1273  90.4107 0004274  21.7865 354.8993  1.00268326  8349
ECHOSTAR 19             
1 41893U 16079A   19068.64640574 -.00000144  00000-0  00000+0 0  9997
2 41893   0.0127 158.4241 0001275 178.9381 325.2767  1.00272123  8091
JCSAT-15                
1 41903U 16082A   19068.87380149 -.00000356  00000-0  00000+0 0  9992
2 41903   0.0181 233.2938 0001256 109.1521 249.4345  1.00272718  8144
STAR ONE D1             
1 41904U 16082B   19068.50542295 -.00000216  00000-0  00000+0 0  9990
2 41904   0.0030 187.8440 0002295 158.0469 278.9379  1.00272739  8145
TJS-2                   
1 41911U 17001A   19068.54363226 -.00000348  00000-0  00000+0 0  9995
2 41911   0.1406 285.6457 0005781  41.6428 142.8633  1.00275793  8090
SBIRS GEO-3 (USA 273)   
1 41937U 17004A   19067.77258828  .00000120  00000-0  00000+0 0  9998
2 41937   4.7095 312.6068 0001812  37.7365 294.5370  1.00273453  7956
HISPASAT 36W-1          
1 41942U 17006A   19068.44322378 -.00000250  00000-0  00000+0 0  9998
2 41942   0.0047  40.9766 0001032 308.4168 300.9846  1.00272324  7885
TELKOM 3S               
1 41944U 17007A   19068.83291608 -.00000368  00000-0  00000+0 0  9995
2 41944   0.0109 219.4935 0002367 131.3551 234.2105  1.00273361  7573
INTELSAT 32E (IS-32E)   
1 41945U 17007B   19068.18174414 -.00000275  00000-0  00000+0 0  9996
2 41945   0.0188 144.9923 0000216 135.7996 268.0171  1.00273276  7609
ECHOSTAR 23             
1 42070U 17014A   19067.72356170 -.00000280  00000-0  00000-0 0  9991
2 42070   0.0176 156.1187 0001998 184.4093  41.1654  1.00271966  7307
WGS F9 (USA 275)        
1 42075U 17016A   19068.82070306  .00000068  00000-0  00000+0 0  9996
2 42075   0.0099 144.2063 0000156  10.4021   4.8580  1.00269128  7290
SES-10                  
1 42432U 17017A   19068.50882515 -.00000278  00000-0  00000+0 0  9996
2 42432   0.0207 122.2238 0002754 230.6147 290.3255  1.00273225  7114
CHINASAT 16 (SJ-13)     
1 42662U 17018A   19068.09076971 -.00000358  00000-0  00000+0 0  9996
2 42662   0.0819  96.7123 0005240 160.9148  51.9951  1.00271338  7099
KOREASAT 7              
1 42691U 17023A   19068.09076972 -.00000368  00000-0  00000+0 0  9996
2 42691   0.0285  93.1458 0001567 242.1547 339.7375  1.00273492  6790
SGDC                    
1 42692U 17023B   19068.74368093 -.00000255  00000-0  00000+0 0  9992
2 42692   0.0143 148.7290 0002095 198.9625  12.3033  1.00271337  6811
GSAT-9                  
1 42695U 17024A   19068.82872875 -.00000291  00000-0  00000+0 0  9993
2 42695   0.0618 271.4459 0002814  86.1271 205.2565  1.00273732  6797
INMARSAT 5-F4           
1 42698U 17025A   19068.46171778  .00000070  00000-0  00000+0 0  9995
2 42698   0.0009 187.0152 0000242   0.9802 201.5564  1.00272853  6626
SES-15                  
1 42709U 17026A   19068.55660101  .00000055  00000-0  00000+0 0  9995
2 42709   0.0219 156.7118 0001792 196.1982 245.2634  1.00270355  7545
QZS-2  (MICHIBIKI-2)    
1 42738U 17028A   19067.90579749 -.00000146  00000-0  00000+0 0  9996
2 42738  43.7655 280.9051 0743620 270.6222  80.9568  1.00266313  6491
VIASAT-2                
1 42740U 17029A   19068.50830174 -.00000271  00000-0  00000+0 0  9998
2 42740   0.0154 159.2791 0000151  83.1316  37.5582  1.00272471  6541
EUTELSAT 172B           
1 42741U 17029B   19068.84364609 -.00000011  00000-0  00000+0 0  9993
2 42741   0.0111 138.3841 0001392 123.7363  20.8082  1.00272548  7063
GSAT-19                 
1 42747U 17031A   19068.53176819  .00000120  00000-0  00000+0 0  9992
2 42747   0.0099 177.1453 0004831 204.0483  25.0123  1.00272151  6490
ECHOSTAR 21             
1 42749U 17032A   19068.30888051  .00000056  00000-0  00000+0 0  9996
2 42749   6.4032 315.4131 0001706  40.4323 292.2770  1.00271693  6476
CHINASAT 9A (ZX 9A)     
1 42763U 17035A   19067.87618721 -.00000319  00000-0  00000+0 0  9994
2 42763   0.0223 146.6934 0003655 275.1200 161.2975  1.00272959  7003
BULGARIASAT-1           
1 42801U 17038A   19068.80971132  .00000006  00000-0  00000+0 0  9994
2 42801   0.0046 177.2890 0002425 180.5663 102.7134  1.00271159  6272
HELLAS-SAT 3            
1 42814U 17040A   19068.17104781  .00000146  00000-0  00000+0 0  9994
2 42814   0.0991  63.9283 0004723 298.1167 265.0706  1.00273570  6244
GSAT-17                 
1 42815U 17040B   19068.11015715 -.00000263  00000-0  00000+0 0  9998
2 42815   0.0249 234.7421 0005176  54.1030  10.7975  1.00270516  6223
INTELSAT 35E (IS-35E)   
1 42818U 17041A   19068.18174414 -.00000244  00000-0  00000+0 0  9990
2 42818   0.0216 197.3636 0001695 159.3032 200.8311  1.00271152  6193
COSMOS 2520             
1 42907U 17046A   19067.74153228  .00000130  00000-0  00000-0 0  9999
2 42907   0.0183 144.2722 0002683 357.9338 335.8861  1.00273934  5744
TDRS 13                 
1 42915U 17047A   19068.01090837 -.00000107  00000-0  00000+0 0  9990
2 42915   6.2701 330.6658 0014252  69.6462 118.5160  1.00272748  5735
QZS-3 (MICHIBIKI-3)     
1 42917U 17048A   19068.83466079 -.00000353  00000-0  00000+0 0  9991
2 42917   0.0623 226.2662 0001306 114.3964 254.0072  1.00275883  5739
AMAZONAS 5              
1 42934U 17053A   19068.46902400 -.00000288  00000-0  00000+0 0  9995
2 42934   0.0087 264.4044 0004839  82.7873 287.5070  1.00268523  5485
ASIASAT 9               
1 42942U 17057A   19068.08521524 -.00000366  00000-0  00000+0 0  9997
2 42942   0.0041 175.9383 0002003 170.2349 333.0620  1.00270002  5290
INTELSAT 37E (IS-37E)   
1 42950U 17059A   19068.80578571 -.00000146  00000-0  00000+0 0  9998
2 42950   0.0159 153.5937 0001955 200.5753  85.0837  1.00271801  5413
BSAT-4A                 
1 42951U 17059B   19068.49504042 -.00000355  00000-0  00000+0 0  9998
2 42951   0.0500 349.9276 0004812  36.7844  68.2148  1.00270312  5319
QZS-4 (MICHIBIKI-4)     
1 42965U 17062A   19068.86514257 -.00000296  00000-0  00000+0 0  9991
2 42965  40.7204  17.7762 0749918 269.7178 328.5811  1.00291016  5174
SES-11 (ECHOSTAR 105)   
1 42967U 17063A   19068.56001900 -.00000094  00000-0  00000+0 0  9993
2 42967   0.0130 145.6406 0002348 207.3892 270.5633  1.00272137  5169
KOREASAT 5A             
1 42984U 17067A   19068.83195647 -.00000363  00000-0  00000+0 0  9997
2 42984   0.0109 165.1555 0000673 155.2208 259.4650  1.00274144  4992
ALCOMSAT 1              
1 43039U 17078A   19068.44549191 -.00000192  00000-0  00000+0 0  9995
2 43039   0.0330  27.4924 0002417  10.8492 264.0740  1.00271759  4642
SBIRS GEO-4 (USA 282)   
1 43162U 18009A   19068.48914980 -.00000299  00000-0  00000+0 0  9991
2 43162   5.8203 318.7105 0001923  27.4489 135.7875  1.00272015  4198
AL YAH 3                
1 43174U 18012A   19068.44627703 -.00000161  00000-0  00000+0 0  9996
2 43174   0.0289 263.9550 0001606  78.4475 324.9786  1.00273193  4209
SES-14                  
1 43175U 18012B   19068.51275076 -.00000284  00000-0  00000+0 0  9993
2 43175   0.0203 154.6197 0000937 184.6094 324.7669  1.00269533  4427
GOES 17                 
1 43226U 18022A   19068.65713981  .00000092  00000-0  00000+0 0  9994
2 43226   0.0390  30.0357 0003150 347.3616 249.0004  1.00271512  3795
HISPASAT 30W-6          
1 43228U 18023A   19068.80334310 -.00000221  00000-0  00000+0 0  9994
2 43228   0.0474  50.7703 0005076 315.9271  59.6521  1.00272070  3868
SUPERBIRD 8             
1 43271U 18033A   19068.84163966 -.00000097  00000-0  00000+0 0  9995
2 43271   0.0313 246.8694 0001241  86.1789 299.1477  1.00272539  3429
HYLAS 4                 
1 43272U 18033B   19068.44374719 -.00000239  00000-0  00000+0 0  9990
2 43272   0.0603 124.5716 0001652  45.5690 122.9326  1.00271645  3440
IRNSS-1I                
1 43286U 18035A   19067.20257812  .00000107  00000-0  00000-0 0  9998
2 43286  29.0739 117.3728 0021551 188.0626 348.1488  1.00273017  3425
COSMOS 2526             
1 43432U 18037A   19068.69133221 -.00000350  00000-0  00000+0 0  9994
2 43432   0.0160 136.2886 0001126 237.2757 170.4337  1.00269981  3343
APSTAR 6C               
1 43450U 18041A   19067.99702115 -.00000324  00000-0  00000+0 0  9996
2 43450   0.0344 257.8450 0002006 153.2821 248.1781  1.00274821  3199
BANGABANDHUSAT-1        
1 43463U 18044A   19068.09007529 -.00000368  00000-0  00000+0 0  9990
2 43463   0.0131 132.9252 0001911 227.6009 317.4716  1.00273775  3081
SES-12                  
1 43488U 18049A   19068.82829256 -.00000274  00000-0  00000+0 0  9998
2 43488   0.0363   4.8137 0001286 207.4741 348.1010  1.00271671  2796
FENGYUN 2H              
1 43491U 18050A   19068.10727837 -.00000135  00000-0  00000+0 0  9993
2 43491   1.7393 283.1042 0002019 243.0400 118.1042  1.00272054  2876
BEIDOU IGSO-7           
1 43539U 18057A   19067.93094821 -.00000142  00000-0  00000+0 0  9991
2 43539  55.0413 186.5476 0021980 181.7105 245.0468  1.00258662  2511
TELSTAR 19V             
1 43562U 18059A   19068.79680042 -.00000285  00000-0  00000+0 0  9998
2 43562   0.0113 160.7051 0000468  78.4014 151.9311  1.00273655  2539
TELKOM 4 (MERAH PUTIH)  
1 43587U 18064A   19068.83090965 -.00000349  00000-0  00000+0 0  9996
2 43587   0.0107 132.5949 0001136 207.8389 233.9017  1.00272256  2224
TELSTAR 18V (APSTAR 5C) 
1 43611U 18069A   19068.83684169 -.00000299  00000-0  00000+0 0  9998
2 43611   0.0169 105.0587 0003608 244.7490 256.6599  1.00271696  1977
AZERSPACE 2 (IS-38)     
1 43632U 18074A   19068.74655253  .00000132  00000-0  00000+0 0  9994
2 43632   0.0098 152.5330 0002222 295.4720  32.8800  1.00275634  1878
HORIZONS 3E             
1 43633U 18074B   19068.86306025 -.00000036  00000-0  00000+0 0  9992
2 43633   0.0212 337.9551 0000289 167.1184 141.8569  1.00272006  1717
AEHF-4 (USA 288)        
1 43651U 18079A   19066.91115220 -.00000243  00000-0  00000+0 0  9996
2 43651   0.0717 275.1271 0001298 103.7804 260.2833  1.00278247  1640
BEIDOU-3 G1             
1 43683U 18085A   19068.87104094 -.00000251  00000-0  00000+0 0  9991
2 43683   2.8051 271.5879 0001103  62.4654 291.3156  1.00274072  1420
GSAT-29                 
1 43698U 18089A   19068.06972446  .00000079  00000-0  00000+0 0  9993
2 43698   0.0803 275.7724 0001948  49.3124 281.4666  1.00272911  1177
ES'HAIL 2               
1 43700U 18090A   19068.11160729  .00000138  00000-0  00000+0 0  9994
2 43700   0.0157 150.8709 0001387 226.6088 215.0565  1.00272733  1279
GEO-KOMPSAT-2A          
1 43823U 18100A   19068.08521524 -.00000350  00000-0  00000+0 0  9999
2 43823   0.0204 336.6328 0001591  75.9113 272.8712  1.00273074  1016
GSAT-11                 
1 43824U 18100B   19068.82410524 -.00000082  00000-0  00000+0 0  9991
2 43824   0.0820 268.8098 0005065 144.2113 124.8468  1.00271872   995
ISX (CP11)              
1 43856U 18104H   19068.58234217  .00000041  00000-0  00000+0 0  9990
2 43856  85.0341 123.4169 0014728   9.7052 350.4501 15.20043057 12659
GSAT-7A                 
1 43864U 18105A   19068.46293907  .00000022  00000-0  00000+0 0  9997
2 43864   0.0134 339.4480 0002206  19.6534  37.0971  1.00270199   842
TJS-3                   
1 43874U 18110A   19068.76647581  .00000052  00000-0  00000+0 0  9991
2 43874   0.0704 140.5039 0001791 199.1959 162.3615  1.00271147   841
TJS-3 AKM               
1 43917U 18110C   19068.76647581  .00000051  00000-0  00000+0 0  9998
2 43917   0.0762 142.1725 0001701 184.7585 175.2668  1.00271167   729
CHINASAT 2D (ZX 2D)     
1 43920U 19001A   19068.83527144 -.00000342  00000-0  00000+0 0  9996
2 43920   0.0142 235.0138 0001254 127.5190 235.3688  1.00269928   727
GSAT-31                 
1 44035U 19007B   19067.85327153  .00000119  00000-0  00000+0 0  9990
2 44035   0.0946 285.3765 0003886  24.5553 211.3601  1.00272524   324
NUSANTARA SATU          
1 44048U 19001A   19068.55130902 -.00000241  00000-0  00000+0 0  9997
2 44048   0.0753 282.8911 0001250  58.8066 169.5805  1.00273533   131
