GOES 1 (SMS-C) [-]      
1 08366U 75100A   19068.52732130 -.00000030  00000-0  00000+0 0  9996
2 08366  10.9232 310.8255 0005417 340.8327 307.7045  1.00311089158564
GOES 2 [-]              
1 10061U 77048A   19068.53242051  .00000084  00000-0  00000+0 0  9991
2 10061  12.2869 320.3983 0018494 347.0330 279.6058  0.99395439 97107
GOES 3 [-]              
1 10953U 78062A   19068.56867552  .00000044  00000-0  00000+0 0  9996
2 10953  12.4968 324.1935 0005320 358.9005 294.9569  0.99358019102198
GOES 4 [-]              
1 11964U 80074A   19068.48213096 -.00000274  00000-0  00000+0 0  9990
2 11964  13.3384 327.9311 0036598  29.9239 141.1314  0.99234053101266
GOES 5 [-]              
1 12472U 81049A   19068.33174559  .00000029  00000-0  00000+0 0  9999
2 12472  13.7387 338.3809 0005167 325.9915 213.1920  1.00324261 96321
GOES 6 [-]              
1 14050U 83041A   19068.66716334 -.00000001  00000-0  00000+0 0  9997
2 14050  14.0728 343.3507 0003407 352.1567 308.3858  1.00315499189412
GOES 7 [-]              
1 17561U 87022A   19067.94520951  .00000101  00000-0  00000+0 0  9998
2 17561  15.0233 359.3890 0008825 340.2580 219.9734  0.99892000100438
GOES 8 [-]              
1 23051U 94022A   19068.26107525 -.00000250  00000-0  00000+0 0  9997
2 23051  12.0949  33.2968 0009505 295.1088  62.8604  0.98906460 97847
GOES 9 [-]              
1 23581U 95025A   19068.60641105 -.00000218  00000-0  00000+0 0  9998
2 23581  11.5860  33.0416 0003807 342.8433 135.9834  0.98801058 86505
GOES 10 [-]             
1 24786U 97019A   19068.57827108 -.00000007  00000-0  00000+0 0  9992
2 24786  10.0643  38.3102 0026146 184.7315 357.3754  0.99124145 79722
GOES 11 [-]             
1 26352U 00022A   19068.60583145  .00000077  00000-0  00000+0 0  9991
2 26352   6.2212  68.5295 0005016 230.9674 144.9054  0.99039952 68682
GOES 12 [-]             
1 26871U 01031A   19068.43528530 -.00000117  00000-0  00000+0 0  9992
2 26871   7.4330  55.6927 0010865 261.3190 290.9826  0.99136225 64394
GOES 13 [B]             
1 29155U 06018A   19068.51022093 -.00000289  00000-0  00000+0 0  9992
2 29155   0.4331 283.1533 0011388 136.8178 230.6102  1.00278547 46878
GOES 14 [S]             
1 35491U 09033A   19068.56001944 -.00000098  00000-0  00000+0 0  9997
2 35491   0.0574 110.3878 0008612 131.6104  22.2164  1.00271796 35515
GOES 15 [+]             
1 36411U 10008A   19068.60014191  .00000050  00000-0  00000+0 0  9994
2 36411   0.0188 200.9689 0002115  67.2655 346.4084  1.00272524 33039
GOES 16 [+]             
1 41866U 16071A   19068.57896280 -.00000254  00000-0  00000+0 0  9990
2 41866   0.0534 309.6498 0000513  84.5450 265.9858  1.00271605  8477
GOES-S [+]              
1 43226U 18022A   19068.65713981  .00000092  00000-0  00000+0 0  9994
2 43226   0.0390  30.0357 0003150 347.3616 249.0004  1.00271512  3795
