GORIZONT 1 [-]          
1 11158U 78118A   19067.98619344  .00000007  00000-0  00000+0 0  9994
2 11158  13.4751 250.3419 3569398 218.5641 109.3425  1.00251747 96278
GORIZONT 2 [-]          
1 11440U 79062A   19068.68278310 -.00000198  00000-0  00000+0 0  9991
2 11440  11.8174 316.1267 0005269 329.6440 212.2143  1.00298541111378
GORIZONT 3 [-]          
1 11648U 79105A   19068.68409163 -.00000240  00000-0  00000+0 0  9999
2 11648  11.9424 317.3531 0008792 186.3683   1.6572  1.00207228 95824
GORIZONT 4 [-]          
1 11841U 80049A   19068.44209087 -.00000093  00000-0  00000+0 0  9996
2 11841  12.9977 322.1370 0006158 340.8119 223.8464  0.98630077207341
GORIZONT 5 [-]          
1 13092U 82020A   19068.01090837 -.00000217  00000-0  00000+0 0  9999
2 13092  13.8319 327.0255 0029344 181.5619   5.0669  0.98533659 95399
GORIZONT 6 [-]          
1 13624U 82103A   19067.45131708  .00000106  00000-0  00000+0 0  9998
2 13624  12.7101 326.9299 0002932 341.0023 215.8532  1.00313393 94281
GORIZONT 7 [-]          
1 14160U 83066A   19068.81983068 -.00000014  00000-0  00000+0 0  9997
2 14160  14.0862 335.0965 0014063 301.2279 238.8508  0.98346611128669
GORIZONT 8 [-]          
1 14532U 83118A   19067.14216127 -.00000134  00000-0  00000+0 0  9991
2 14532  14.1899 336.7659 0024364 110.2398  74.7630  0.98269914 94414
GORIZONT 9 [-]          
1 14940U 84041A   19068.82009240  .00000071  00000-0  00000+0 0  9991
2 14940  13.4095 335.1963 0003056 265.1955 275.8418  1.00287118 95387
GORIZONT 10 [-]         
1 15144U 84078A   19067.41274019  .00000100  00000-0  00000+0 0  9993
2 15144  13.4642 336.2043 0005444 330.8609 203.4423  1.00232853127950
GORIZONT 11 [-]         
1 15484U 85007A   19067.52698611  .00000072  00000-0  00000+0 0  9991
2 15484  13.5616 338.0219 0003554 357.5898 206.5417  1.00307708125979
GORIZONT 12 [-]         
1 16769U 86044A   19068.75353141 -.00000167  00000-0  00000+0 0  9998
2 16769  13.9522 342.9990 0005400 312.3319 223.0514  1.00347431120632
GORIZONT 13 [-]         
1 17083U 86090A   19068.29422499 -.00000106  00000-0  00000+0 0  9994
2 17083  15.5521 349.3390 0020133 311.8351 263.5531  0.96725673 92968
GORIZONT 14 [-]         
1 17969U 87040A   19068.75361865 -.00000042  00000-0  00000+0 0  9992
2 17969  14.8924 341.4219 0025151 140.3134  37.1845  0.97657257 93903
GORIZONT 15 [-]         
1 19017U 88028A   19068.61958995 -.00000196  00000-0  00000+0 0  9996
2 19017  15.6637 352.5000 0030757 121.3255  77.6866  0.97829964 93493
GORIZONT 16 [-]         
1 19397U 88071A   19067.53009862  .00000044  00000-0  00000+0 0  9996
2 19397  14.5508 351.3407 0017524   6.5292 189.2417  0.99984010111656
GORIZONT 17 [-]         
1 19765U 89004A   19068.36461147  .00000020  00000-0  00000+0 0  9996
2 19765  14.9387 354.3841 0017920  87.2753 108.8108  0.99063572109244
GORIZONT 18 [-]         
1 20107U 89052A   19067.53110700 -.00000046  00000-0  00000+0 0  9994
2 20107  14.9086 355.7036 0039455 288.9376 264.5378  0.99403235107983
GORIZONT 19 [-]         
1 20263U 89081A   19067.82056802 -.00000151  00000-0  00000+0 0  9990
2 20263  14.6637 355.0672 0005708 292.6029 255.6059  1.00190694107842
GORIZONT 20 [-]         
1 20659U 90054A   19067.88756517  .00000045  00000-0  00000-0 0  9999
2 20659  14.9474 357.9682 0001588 181.5122   3.9974  1.00242292105050
GORIZONT 21 [-]         
1 20923U 90094A   19067.08490763 -.00000088  00000-0  00000-0 0  9995
2 20923  14.9155 358.7625 0004338 263.0705 286.7191  1.00250931103795
GORIZONT 22 [-]         
1 20953U 90102A   19067.67486549 -.00000308  00000-0  00000+0 0  9994
2 20953  14.8574 359.0493 0007912 317.0901 231.2308  1.00248907103759
GORIZONT 23 [-]         
1 21533U 91046A   19067.87767323  .00000027  00000-0  00000-0 0  9999
2 21533  15.4045   2.9063 0009867 297.5911 257.5116  0.98905615 20405
GORIZONT 24 [-]         
1 21759U 91074A   19068.76071825 -.00000123  00000-0  00000+0 0  9991
2 21759  15.4571   4.6069 0016623 211.9173 337.4677  0.98442848 98883
GORIZONT 25 [-]         
1 21922U 92017A   19068.69333863 -.00000341  00000-0  00000+0 0  9998
2 21922  15.0214   4.2179 0027557  34.9834 156.0621  0.99857041 98406
GORIZONT 26 [-]         
1 22041U 92043A   19068.49395216  .00000033  00000-0  00000+0 0  9995
2 22041  15.0864   5.9837 0029762 213.0896  12.9117  0.99240280 97126
GORIZONT 27 [-]         
1 22245U 92082A   19068.69072156 -.00000367  00000-0  00000+0 0  9992
2 22245  15.0119   5.9423 0017686 323.8423 211.0667  1.00183302100530
GORIZONT 28 [-]         
1 22880U 93069A   19068.55636869 -.00000161  00000-0  00000+0 0  9997
2 22880  14.9388   9.4921 0028430  94.3864  73.7665  0.99658938 92665
GORIZONT 29 [-]         
1 22907U 93072A   19067.42189995 -.00000015  00000-0  00000-0 0  9998
2 22907  14.8746   9.1360 0016301 307.1232 244.3643  1.00115987 92560
GORIZONT 30 [-]         
1 23108U 94030A   19068.22137951 -.00000300  00000-0  00000+0 0  9997
2 23108  14.8352  10.0902 0005212 294.7340 248.0267  1.00348385 90842
GORIZONT 31 [-]         
1 23775U 96005A   19067.55406234 -.00000005  00000-0  00000-0 0  9992
2 23775  14.3949  15.8597 0016432 184.1302 350.1463  0.99898747 84506
GORIZONT 32 [-]         
1 23880U 96034A   19068.25952037 -.00000265  00000-0  00000+0 0  9993
2 23880  14.3111  16.4531 0013830 306.6414 224.4250  1.00156124 83429
GORIZONT 33 [-]         
1 26372U 00029A   19068.66114861 -.00000198  00000-0  00000+0 0  9996
2 26372  12.4135  26.5307 0004735 316.1188  38.8873  1.00243098 68770
