INTELSAT 26 (IS-26)     
1 24732U 97007A   19068.46285184  .00000018  00000-0  00000+0 0  9991
2 24732   8.3848  45.8003 0004350 328.2068  21.6522  1.00273710 80649
GALAXY 25 (G-25)        
1 24812U 97026A   19068.50359100 -.00000167  00000-0  00000+0 0  9992
2 24812   0.8506  94.0502 0003767 266.6025 254.4109  1.00271859 79710
INTELSAT 5 (IS-5)       
1 24916U 97046A   19067.70506769  .00000088  00000-0  00000+0 0  9996
2 24916   4.7759  68.0121 0003241 287.6661 287.2273  1.00272204 78969
INTELSAT 805 (IS-805)   
1 25371U 98037A   19068.12524897 -.00000036  00000-0  00000+0 0  9996
2 25371   1.3825  91.3143 0003226 253.0697  36.3006  1.00272468 75926
GALAXY 11 (G-11)        
1 26038U 99071A   19067.74135781  .00000140  00000-0  00000+0 0  9998
2 26038   0.1365 109.8727 0001707 263.1919 104.0347  1.00137899 70437
INTELSAT 9 (IS-9)       
1 26451U 00043A   19068.10466130 -.00000011  00000-0  00000+0 0  9992
2 26451   4.7631  68.2058 0003063 283.7752 278.3364  1.00273128 68209
INTELSAT 12 (IS-12)     
1 26590U 00068A   19068.75030368  .00000004  00000-0  00000+0 0  9995
2 26590   1.8528  88.8097 0004003 178.6094 233.6263  1.00314094 67167
INTELSAT 1R (IS-1R)     
1 26608U 00072A   19068.84068007 -.00000142  00000-0  00000+0 0  9995
2 26608   1.6483  89.3921 0000209 168.4299   9.1319  1.00271874 67015
INTELSAT 10 (IS-10)     
1 26766U 01019A   19068.45988583  .00000121  00000-0  00000+0 0  9995
2 26766   2.8572  81.9123 0001299 230.2638  67.7177  1.00274622 65282
INTELSAT 901 (IS-901)   
1 26824U 01024A   19068.80351758 -.00000218  00000-0  00000+0 0  9991
2 26824   0.8306  93.8313 0002794 257.4940  75.6134  1.00273224 64963
INTELSAT 902 (IS-902)   
1 26900U 01039A   19068.46276461  .00000028  00000-0  00000+0 0  9999
2 26900   0.0118 160.1968 0003050 197.2609  37.9575  1.00272217 64134
DIRECTV 4S              
1 26985U 01052A   19068.21484022 -.00000119  00000-0  00000+0 0  9996
2 26985   0.0127 128.2571 0002504 221.5583 152.9358  1.00271987 63350
INTELSAT 904 (IS-904)   
1 27380U 02007A   19067.82271632  .00000143  00000-0  00000+0 0  9990
2 27380   0.3770  98.9359 0002972 203.3053 202.5338  1.00162647 62444
INTELSAT 903 (IS-903)   
1 27403U 02016A   19068.44409615 -.00000229  00000-0  00000+0 0  9995
2 27403   1.2146  92.3859 0001883 305.0502 257.7629  1.00272224 62009
DIRECTV 5 (TEMPO 1)     
1 27426U 02023A   19068.56678426 -.00000061  00000-0  00000+0 0  9993
2 27426   0.0233 170.3354 0003492 197.8517 252.6926  1.00269830 61671
INTELSAT 905 (IS-905)   
1 27438U 02027A   19068.19355097 -.00000190  00000-0  00000+0 0  9998
2 27438   0.1982 102.0829 0002566 247.7652 221.9110  1.00271800 61327
GALAXY 3C (G-3C)        
1 27445U 02030A   19068.14426639 -.00000156  00000-0  00000+0 0  9998
2 27445   0.0324 286.8902 0001859  48.2255 148.2946  1.00270049 61315
INTELSAT 906 (IS-906)   
1 27513U 02041A   19068.87063403  .00000010  00000-0  00000+0 0  9990
2 27513   0.0223 217.2947 0002194 138.0063 189.5190  1.00272178 60339
INTELSAT 907 (IS-907)   
1 27683U 03007A   19068.44496848 -.00000207  00000-0  00000+0 0  9996
2 27683   0.0198 196.7521 0002417 151.3195 311.4311  1.00275504 58748
GALAXY 12 (G-12)        
1 27715U 03013B   19068.21206285  .00000053  00000-0  00000+0 0  9996
2 27715   0.4150  96.4295 0001697 253.1195 124.3591  1.00272334 58367
GALAXY 23 (G-23)        
1 27854U 03034A   19068.56511132  .00000008  00000-0  00000+0 0  9991
2 27854   0.0158 148.5548 0002953 204.0946 256.7335  1.00273119 61902
GALAXY 13 (HORIZONS 1)  
1 27954U 03044A   19068.57444078  .00000043  00000-0  00000+0 0  9997
2 27954   0.0200 135.1636 0000350 237.4302 234.1347  1.00271394 56524
DIRECTV 7S              
1 28238U 04016A   19068.56834890 -.00000004  00000-0  00000+0 0  9995
2 28238   0.0200 124.8652 0002891 231.1173 256.4969  1.00271963 54417
INTELSAT 10-02          
1 28358U 04022A   19068.37840751 -.00000016  00000-0  00000+0 0  9990
2 28358   0.0118 193.3910 0002652 188.9042 279.7131  1.00273031 53983
XM-3 (RHYTHM)           
1 28626U 05008A   19068.57704361 -.00000210  00000-0  00000+0 0  9997
2 28626   0.0091   7.1458 0000153 332.6842 309.7640  1.00269393 51422
SPACEWAY 1              
1 28644U 05015A   19068.49443122  .00000099  00000-0  00000+0 0  9995
2 28644   0.0749 100.4621 0000032 320.0261 145.4824  1.00271064 50878
DIRECTV 8               
1 28659U 05019A   19068.50210799 -.00000121  00000-0  00000+0 0  9996
2 28659   0.0236 166.2463 0002957 181.0557 259.5852  1.00268697 50540
GALAXY 28 (G-28)        
1 28702U 05022A   19068.14548769 -.00000191  00000-0  00000+0 0  9997
2 28702   0.0270 113.7468 0001190 292.5876  83.5515  1.00272515 50184
GALAXY 14 (G-14)        
1 28790U 05030A   19068.57982890  .00000031  00000-0  00000+0 0  9999
2 28790   0.0475 302.5564 0002623  46.5165 261.6205  1.00272902 49669
GALAXY 15 (G-15)        
1 28884U 05041A   19068.11785495  .00000073  00000-0  00000+0 0  9993
2 28884   0.0379 270.3541 0001851  79.4037  86.1565  1.00271928 48988
SPACEWAY 2              
1 28903U 05046B   19068.64605679 -.00000132  00000-0  00000+0 0  9990
2 28903   0.0157 102.7967 0000103  26.3751 171.3665  1.00271781 48858
GALAXY 16 (G-16)        
1 29236U 06023A   19068.57076456 -.00000132  00000-0  00000+0 0  9993
2 29236   0.0113 144.6484 0002536 203.1549 285.6078  1.00271896 46628
DIRECTV 9S              
1 29494U 06043A   19068.55992977 -.00000119  00000-0  00000+0 0  9999
2 29494   0.0179 202.2655 0003222 157.2258 267.9185  1.00271846 45464
XM-4 (BLUES)            
1 29520U 06049A   19068.55252438 -.00000028  00000-0  00000+0 0  9995
2 29520   0.0236 337.4660 0000200  18.8729 254.2223  1.00272629 45353
GALAXY 17 (G-17)        
1 31307U 07016B   19068.04354980 -.00000180  00000-0  00000+0 0  9994
2 31307   0.0234 171.5640 0003307 189.0495  90.5059  1.00270284 43434
DIRECTV 10              
1 31862U 07032A   19068.21457851 -.00000108  00000-0  00000+0 0  9998
2 31862   0.0540 316.5625 0000178 237.7008 306.7241  1.00271608 42769
SPACEWAY 3              
1 32018U 07036A   19068.50324205 -.00000157  00000-0  00000+0 0  9998
2 32018   0.0197 338.6288 0000257 325.9005 308.5754  1.00272672 42486
INTELSAT 11 (IS-11)     
1 32253U 07044B   19068.51327418 -.00000274  00000-0  00000+0 0  9998
2 32253   0.0206 144.8967 0001493 228.6936 295.1004  1.00273365 41886
HORIZONS 2              
1 32388U 07063B   19068.84771590 -.00000187  00000-0  00000+0 0  9991
2 32388   0.0156 128.7616 0002773 217.9780 210.5051  1.00273448 41246
DIRECTV 11              
1 32729U 08013A   19068.57076515 -.00000131  00000-0  00000+0 0  9990
2 32729   0.0026 221.2099 0000075  40.1215  11.9108  1.00272383 40294
GALAXY 18 (G-18)        
1 32951U 08024A   19068.56364258  .00000020  00000-0  00000+0 0  9998
2 32951   0.0218 115.9208 0002947 237.8864 253.0361  1.00271071 39448
INTELSAT 25 (IS-25)     
1 33153U 08034A   19068.44409615 -.00000229  00000-0  00000+0 0  9990
2 33153   0.0149 203.4053 0002464 107.1455 344.6535  1.00271869 38990
GALAXY 19 (G-19)        
1 33376U 08045A   19068.55623778 -.00000144  00000-0  00000+0 0  9995
2 33376   0.0143 124.7051 0003098 234.1114 271.3693  1.00271764 38198
SIRIUS FM-5             
1 35493U 09034A   19068.50498677 -.00000206  00000-0  00000+0 0  9998
2 35493   0.0404 299.0349 0000829  62.6992 260.7989  1.00273327 35333
INTELSAT 14 (IS-14)     
1 36097U 09064A   19068.80037708 -.00000278  00000-0  00000+0 0  9998
2 36097   0.0097 204.2045 0002285 142.0696  64.0288  1.00274363 34062
INTELSAT 15 (IS-15)     
1 36106U 09067A   19067.84702181 -.00000192  00000-0  00000+0 0  9994
2 36106   0.0191 131.1275 0002158 226.9224 198.2612  1.00273199 33953
DIRECTV 12              
1 36131U 09075A   19068.14278337 -.00000109  00000-0  00000+0 0  9994
2 36131   0.0442 317.4794 0000160  98.2767  59.3722  1.00272066 33746
INTELSAT 16 (IS-16)     
1 36397U 10006A   19068.50699319 -.00000250  00000-0  00000+0 0  9998
2 36397   0.0120 129.2389 0001909 220.8626 283.1040  1.00272362 33098
XM-5                    
1 37185U 10053A   19068.50524847 -.00000210  00000-0  00000+0 0  9995
2 37185   0.0245 152.9670 0000473  80.2590  30.3371  1.00269921 30803
INTELSAT 17 (IS-17)     
1 37238U 10065B   19068.46354973 -.00000007  00000-0  00000+0 0  9997
2 37238   0.0218 214.9392 0002518 138.7300  46.0345  1.00271793 30289
INTELSAT NEW DAWN       
1 37392U 11016A   19068.81590507  .00000151  00000-0  00000+0 0  9998
2 37392   0.0238 214.4049 0000355 164.9745 114.3562  1.00273255 28885
INTELSAT 18 (IS-18)     
1 37834U 11056A   19068.84521633  .00000048  00000-0  00000+0 0  9995
2 37834   0.0238 165.3859 0002189 193.9234 292.2024  1.00269958 27211
INTELSAT 22 (IS-22)     
1 38098U 12011A   19068.75196116 -.00000064  00000-0  00000+0 0  9993
2 38098   0.0222 120.6896 0002742 232.1022 157.1336  1.00272900 25414
INTELSAT 19 (IS-19)     
1 38356U 12030A   19068.84242479 -.00000061  00000-0  00000+0 0  9992
2 38356   0.0124  86.9637 0002884 259.6579 289.8666  1.00273396 24875
INTELSAT 20 (IS-20)     
1 38740U 12043A   19068.85327025 -.00000029  00000-0  00000+0 0  9999
2 38740   0.0211 146.1302 0002189  38.1089 358.6530  1.00272573 24197
INTELSAT 21 (IS-21)     
1 38749U 12045A   19068.51065711 -.00000290  00000-0  00000+0 0  9994
2 38749   0.0194 184.8056 0001985 158.3570 309.5651  1.00272862 23991
INTELSAT 23 (IS-23)     
1 38867U 12057A   19068.79880684 -.00000290  00000-0  00000+0 0  9992
2 38867   0.0094 176.3425 0001544 173.3274  52.0657  1.00273294 23475
SIRIUS FM-6             
1 39360U 13058A   19068.35860448 -.00000023  00000-0  00000+0 0  9995
2 39360   0.0139 124.6852 0001493  64.4818 350.5188  1.00273338 19706
INTELSAT 30 (IS-30)     
1 40271U 14062A   19068.47003667 -.00000156  00000-0  00000+0 0  9996
2 40271   0.0218 162.3197 0001547 315.7245 122.9770  1.00271682 16125
INTELSAT 34 (IS-34)     
1 40874U 15039A   19068.51109329 -.00000291  00000-0  00000+0 0  9997
2 40874   0.0212 164.4676 0000741  59.3438  71.6035  1.00269589 13026
INTELSAT 29E (IS-29E)   
1 41308U 16004A   19068.09007927 -.00000288  00000-0  00000+0 0  9993
2 41308   0.0290 231.3738 0001429 124.5825 152.9643  1.00272364 11512
INTELSAT 31 (IS-31)     
1 41581U 16035A   19067.85711986 -.00000157  00000-0  00000-0 0  9996
2 41581   0.0188 217.1319 0002486 348.1946 174.4090  1.00273771  9997
INTELSAT 36 (IS-36)     
1 41747U 16053A   19067.85882588 -.00000031  00000-0  00000+0 0  9997
2 41747   0.0185 137.5257 0000752 218.2791 188.1379  1.00270399  9314
INTELSAT 33E (IS-33E)   
1 41748U 16053B   19068.17523514  .00000043  00000-0  00000+0 0  9997
2 41748   0.0168 131.9101 0001812 218.7942 298.9502  1.00271591  9574
INTELSAT 32E (IS-32E)   
1 41945U 17007B   19068.18174414 -.00000275  00000-0  00000+0 0  9996
2 41945   0.0188 144.9923 0000216 135.7996 268.0171  1.00273276  7609
INTELSAT 35E (IS-35E)   
1 42818U 17041A   19068.18174414 -.00000244  00000-0  00000+0 0  9990
2 42818   0.0216 197.3636 0001695 159.3032 200.8311  1.00271152  6193
INTELSAT 37E (IS-37E)   
1 42950U 17059A   19068.80578571 -.00000146  00000-0  00000+0 0  9998
2 42950   0.0159 153.5937 0001955 200.5753  85.0837  1.00271801  5413
AZERSPACE 2 (IS-38)     
1 43632U 18074A   19068.74655253  .00000132  00000-0  00000+0 0  9994
2 43632   0.0098 152.5330 0002222 295.4720  32.8800  1.00275634  1878
HORIZONS 3E             
1 43633U 18074B   19068.86306025 -.00000036  00000-0  00000+0 0  9992
2 43633   0.0212 337.9551 0000289 167.1184 141.8569  1.00272006  1717
