CALSPHERE 1             
1 00900U 64063C   19068.85130914  .00000239  00000-0  24695-3 0  9996
2 00900  90.1502  21.0238 0028582  19.9501   0.3550 13.73199165706555
CALSPHERE 2             
1 00902U 64063E   19067.82011941  .00000009  00000-0 -56663-6 0  9991
2 00902  90.1585  23.4634 0019171  26.9124   5.4112 13.52669620497009
LCS 1                   
1 01361U 65034C   19067.91993866  .00000009  00000-0  56526-4 0  9990
2 01361  32.1463   6.2456 0011540 209.6406 150.3437  9.89295456946721
TEMPSAT 1               
1 01512U 65065E   19067.92110640  .00000005  00000-0 -10291-4 0  9990
2 01512  89.8490 232.2757 0070790 148.7485   4.0285 13.33419657605919
CALSPHERE 4(A)          
1 01520U 65065H   19067.91606358  .00000040  00000-0  60366-4 0  9990
2 01520  90.0556 127.0615 0071037  39.4854  45.8489 13.35781563607911
OPS 5712 (P/L 160)      
1 02826U 67053A   19067.92713503  .00000446  00000-0  13469-3 0  9992
2 02826  69.9277 210.3632 0008857 237.3193 122.7086 14.48636254679363
OPS 5712 (P/L 153)      
1 02874U 67053H   19068.22065117 -.00000030  00000-0  16804-4 0  9997
2 02874  69.9742  47.1749 0005623  23.4004 336.7357 13.96326001636326
SURCAL 150B             
1 02909U 67053J   19068.86455236  .00000615  00000-0  13852-3 0  9998
2 02909  69.9464 252.8214 0005989 279.1627  80.8834 14.61155948689355
RIGIDSPHERE 2 (LCS 4)   
1 05398U 71067E   19068.55251956  .00000168  00000-0  52700-4 0  9991
2 05398  87.6279 352.6888 0064056  10.7746 349.4805 14.33773763493117
