RADUGA 1 [-]            
1 08513U 75123A   19067.67601812 -.00000121  00000-0  00000+0 0  9993
2 08513   9.2976 304.4434 0002641 200.9549 340.6639  1.00297079168298
RADUGA 2 [-]            
1 09416U 76092A   19067.67776285 -.00000198  00000-0  00000+0 0  9993
2 09416   9.9330 306.2738 0029828 326.5656 222.7336  1.00260963102686
RADUGA 3 [-]            
1 10159U 77071A   19068.74768661  .00000088  00000-0  00000+0 0  9992
2 10159  10.5097 308.5530 0005545 223.2809 315.0540  1.00336731150412
RADUGA 4 [-]            
1 10987U 78073A   19068.09076972 -.00000358  00000-0  00000+0 0  9990
2 10987  11.0758 311.5288 0012675 333.7995  24.0528  1.00255331 92942
RADUGA 5 [-]            
1 11343U 79035A   19067.74615580 -.00000020  00000-0  00000+0 0  9997
2 11343  11.4831 313.8852 0003133  63.7101 125.7834  1.00252508102679
RADUGA 6 [-]            
1 11708U 80016A   19067.67933309 -.00000251  00000-0  00000+0 0  9993
2 11708  11.7767 316.4710 0002094 341.0963 206.2277  1.00213234 95502
RADUGA 7 [-]            
1 12003U 80081A   19067.31265289 -.00000221  00000-0  00000-0 0  9998
2 12003  11.9172 318.1564 0009416 264.7104  26.8680  1.00252549 96655
RADUGA 8 [-]            
1 12351U 81027A   19067.07757899 -.00000251  00000-0  00000+0 0  9993
2 12351  12.2295 318.8887 0081119 193.8697   3.2707  1.00367984 95855
RADUGA 9 [-]            
1 12618U 81069A   19067.67732667 -.00000155  00000-0  00000+0 0  9990
2 12618  12.3755 321.2494 0004451  26.4927 145.0478  1.00189904101689
RADUGA 10 [-]           
1 12897U 81102A   19067.74798773 -.00000121  00000-0  00000+0 0  9998
2 12897  12.4370 322.0540 0001427  90.7240 100.5376  1.00249007 90754
RADUGA 11 [-]           
1 13669U 82113A   19067.14326846 -.00000078  00000-0  00000+0 0  9992
2 13669  14.1027 333.7608 0037309 227.5032 300.8652  0.97707987 95557
RADUGA 12 [-]           
1 13974U 83028A   19067.74903458 -.00000180  00000-0  00000-0 0  9998
2 13974  13.2754 330.7239 0005393 359.8911 188.1349  1.00286859142731
RADUGA 13 [-]           
1 14307U 83088A   19068.81860937 -.00000045  00000-0  00000+0 0  9997
2 14307  14.2728 335.3889 0020442   2.4700 170.1840  0.98173190 92858
RADUGA 14 [-]           
1 14725U 84016A   19067.74659197 -.00000054  00000-0  00000-0 0  9999
2 14725  13.3465 333.9757 0003841  25.0953 146.2145  1.00247881 91453
RADUGA 15 [-]           
1 15057U 84063A   19067.81021432  .00000047  00000-0  00000-0 0  9994
2 15057  13.4310 334.9432 0002292  35.2587 143.0428  1.00370304114450
RADUGA 16 [-]           
1 15946U 85070A   19068.37948154  .00000111  00000-0  00000+0 0  9992
2 15946  13.7033 339.2285 0003914 333.2286 190.8925  1.00326076 95575
RADUGA 17 [-]           
1 16250U 85107A   19067.00552281 -.00000233  00000-0  00000-0 0  9990
2 16250  13.7707 340.4681 0006588 145.1071 134.2703  1.00127077125040
RADUGA 18 [-]           
1 16497U 86007A   19067.88241825 -.00000050  00000-0  00000+0 0  9994
2 16497  14.4873 342.8811 0069287 131.4331  40.6131  0.98812673119652
RADUGA 19 [-]           
1 17046U 86082A   19067.59488911 -.00000241  00000-0  00000+0 0  9997
2 17046  14.7389 346.4843 0007492  97.2239  91.9172  0.98462413116787
RADUGA 20 [-]           
1 17611U 87028A   19066.98585876 -.00000084  00000-0  00000+0 0  9991
2 17611  16.6154 350.0388 0024160  98.0765 124.3876  0.95961691112782
RADUGA 21 [-]           
1 18631U 87100A   19067.46309777  .00000098  00000-0  00000-0 0  9998
2 18631  14.7369 348.0178 0003657 349.8274 209.8114  1.00219195114436
RADUGA 22 [-]           
1 19596U 88095A   19067.92506275 -.00000320  00000-0  00000+0 0  9994
2 19596  14.5157 351.8067 0003757  32.0900 251.2195  1.00270258 95050
RADUGA 23 [-]           
1 19928U 89030A   19067.98585701 -.00000051  00000-0  00000+0 0  9991
2 19928  14.5661 353.5180 0015436 126.0374 112.8532  1.00180320108197
RADUGA-1 1 [-]          
1 20083U 89048A   19067.03868854 -.00000203  00000-0  00000+0 0  9992
2 20083  15.1868 356.2757 0018270  68.8205 112.5870  0.98710424105023
RADUGA 24 [-]           
1 20367U 89098A   19067.87752277 -.00000134  00000-0  00000-0 0  9999
2 20367  15.0223 355.9948 0004250 315.1184 247.4120  1.00339555106323
RADUGA 25 [-]           
1 20499U 90016A   19068.22681910 -.00000155  00000-0  00000+0 0  9994
2 20499  14.7567 356.4720 0003762 338.0996 178.4365  1.00166766106306
RADUGA 26 [-]           
1 21016U 90112A   19067.86669865 -.00000282  00000-0  00000+0 0  9992
2 21016  14.8947 359.6231 0007246   9.2364 204.7514  1.00253989103595
RADUGA-1 2 [-]          
1 21038U 90116A   19067.86669865 -.00000298  00000-0  00000+0 0  9997
2 21038  14.9302 359.7247 0006889  24.4617 190.4415  1.00304786103262
RADUGA 27 [-]           
1 21132U 91014A   19067.94613966  .00000096  00000-0  00000+0 0  9995
2 21132  15.4504 359.7269 0005795 348.7505 208.3985  1.00182290102651
RADUGA 28 [-]           
1 21821U 91087A   19067.87752277 -.00000142  00000-0  00000-0 0  9995
2 21821  15.0264   3.0081 0004364  27.6426 168.0694  1.00363205 99675
RADUGA 29 [-]           
1 22557U 93013A   19067.01729979  .00000064  00000-0  00000-0 0  9994
2 22557  14.9901   7.1319 0004387  19.1598 158.5476  1.00297508 95027
RADUGA 30 [-]           
1 22836U 93062A   19068.39245250 -.00000057  00000-0  00000+0 0  9997
2 22836  14.9223   8.9664 0007488 303.1528  65.4380  1.00277679 93137
RADUGA-1 3 [-]          
1 22981U 94008A   19068.46006030  .00000094  00000-0  00000+0 0  9998
2 22981  14.9333  10.1496 0004726 332.7501  38.2537  1.00271337 91875
RADUGA 31 [-]           
1 23010U 94012A   19068.82855427 -.00000287  00000-0  00000+0 0  9994
2 23010  14.9005  10.1126 0004882 352.0251 200.0495  1.00226325 91706
RADUGA 32 [-]           
1 23448U 94087A   19067.89009502 -.00000062  00000-0  00000-0 0  9994
2 23448  14.7317  12.7161 0006536 251.3761 292.7545  1.00275373106233
RADUGA-1 4 [-]          
1 25642U 99010A   19067.91979748 -.00000328  00000-0  00000-0 0  9999
2 25642  14.6143  24.7129 0005496 271.6400 304.5575  1.00218802 73303
RADUGA-1 5 [-]          
1 26477U 00049A   19067.82527875 -.00000345  00000-0  00000+0 0  9998
2 26477  12.3437  27.8202 0005906 328.2673 212.4078  1.00284387 67842
RADUGA-1 6 [-]          
1 26936U 01045A   19068.13048313 -.00000135  00000-0  00000+0 0  9992
2 26936  12.1515  33.5226 0011777 149.7224 226.3970  0.97745237 62603
RADUGA-1 7 [-]          
1 28194U 04010A   19067.87618721 -.00000357  00000-0  00000-0 0  9998
2 28194  10.5509  40.6715 0004700 267.1669 280.6099  1.00354458 54763
RADUGA-1M 1 [-]         
1 32373U 07058A   19067.87613729 -.00000146  00000-0  00000-0 0  9996
2 32373   4.3511  70.8902 0005644 265.2696 145.9556  0.99400698 25989
RADUGA-1 8 [-]          
1 34264U 09010A   19067.63588962  .00000070  00000-0  00000-0 0  9996
2 34264   6.9341  63.0604 0013637 314.0957 253.2674  0.99818022 36649
RADUGA-1M 2 [+]         
1 36358U 10002A   19067.82198707 -.00000190  00000-0  00000-0 0  9994
2 36358   0.0244 243.8170 0002141 136.4754 166.8215  1.00271274 33368
RADUGA-1M 3 [+]         
1 39375U 13062A   19068.17724156 -.00000045  00000-0  00000+0 0  9995
2 39375   0.0187 190.6413 0001327 180.9982 288.7693  1.00273172 19487
