SCD 1                   
1 22490U 93009B   19068.04757337  .00000227  00000-0  12081-4 0  9995
2 22490  24.9709  24.8297 0043207 143.9481 291.9339 14.44544501376776
TECHSAT 1B (GO-32)      
1 25397U 98043D   19068.41478859 -.00000007  00000-0  16090-4 0  9998
2 25397  98.6798   9.8388 0001287  23.5268 336.5970 14.23661281 73462
SCD 2                   
1 25504U 98060A   19068.55354362  .00000219  00000-0  10720-4 0  9992
2 25504  24.9945 228.8294 0017203 174.1500 242.7746 14.44062412 76156
LANDSAT 7               
1 25682U 99020A   19068.84884391  .00000078  00000-0  27114-4 0  9996
2 25682  98.1388 138.6106 0001387  98.4422 261.6923 14.57146578 58432
DLR-TUBSAT              
1 25757U 99029B   19068.89032959 -.00000012  00000-0  85483-5 0  9991
2 25757  98.4120 350.8866 0014711 166.9129 193.2450 14.51398475 47952
TERRA                   
1 25994U 99068A   19068.65988805  .00001826  00000-0  41530-3 0  9997
2 25994  98.2076 144.6598 0001323  64.2612 295.8672 14.57112567 22484
MAROC-TUBSAT            
1 27004U 01056D   19068.41078727 -.00000032  00000-0  12773-4 0  9995
2 27004  99.4454 203.8027 0020435 140.0666 254.0078 13.70133470862358
AQUA                    
1 27424U 02022A   19068.49434385  .00000083  00000-0  28613-4 0  9994
2 27424  98.2170  10.8650 0002105  22.8473  87.2365 14.57101582896066
IRS-P6 (RESOURCESAT-1)  
1 28051U 03046A   19068.38111479 -.00000011  00000-0  11675-4 0  9994
2 28051  98.5263 147.4699 0057126 330.0167  29.7750 14.34164285799588
SHIYAN 1 (SY-1)         
1 28220U 04012A   19068.50305185  .00000919  00000-0  79241-4 0  9998
2 28220  97.7843  30.6526 0013145 164.0424 196.1216 14.99747506810884
FORMOSAT-2 (ROCSAT 2)   
1 28254U 04018A   19060.84042214  .00000282  00000-0  21777-3 0  9994
2 28254  98.7729 109.4710 0000998 201.0259 159.3037 14.00644976755750
AURA                    
1 28376U 04026A   19068.13561313 -.00000028  00000-0  38716-5 0  9996
2 28376  98.2185  12.6720 0001058  65.3076 294.8233 14.57100030779061
IRS-P5 (CARTOSAT-1)     
1 28649U 05017A   19068.75082848  .00000055  00000-0  13100-4 0  9997
2 28649  97.8656 141.0309 0002438 121.0345 239.1100 14.83620008749461
SINAH 1                 
1 28893U 05043D   19068.85721923 -.00000001  00000-0  88749-5 0  9996
2 28893  97.9559 209.9394 0014464 331.0452  28.9946 14.61497460712571
EROS B                  
1 29079U 06014A   19068.78716346  .00001683  00000-0  73352-4 0  9996
2 29079  97.4075 188.7873 0004756 114.5896  40.2320 15.23553724714335
RESURS-DK 1             
1 29228U 06021A   19068.78572481  .00000040  00000-0  10353-4 0  9998
2 29228  69.9347 293.3499 0001607 109.1405 250.9930 15.02411632702806
ARIRANG-2 (KOMPSAT-2)   
1 29268U 06031A   19068.77697326  .00000079  00000-0  24800-4 0  9992
2 29268  98.0434 323.6852 0017898 178.8404 181.2842 14.62413382673153
LAPAN-TUBSAT            
1 29709U 07001A   19068.82704203 -.00000010  00000-0  52751-5 0  9992
2 29709  97.7944  33.6024 0012361 184.8120 175.2981 14.82163679657394
CARTOSAT-2 (IRS-P7)     
1 29710U 07001B   19068.79109631 -.00000123  00000-0 -96917-5 0  9992
2 29710  97.9868 128.7015 0001582  90.5030 269.6348 14.78649993656381
HAIYANG-1B              
1 31113U 07010A   19068.83460418 -.00000011  00000-0  12204-4 0  9991
2 31113  98.4688 120.4126 0014648 143.8393 216.3783 14.30216167621611
COSMO-SKYMED 1          
1 31598U 07023A   19068.78993471 -.00000357  00000-0 -38354-4 0  9994
2 31598  97.8878 253.5821 0001760  85.6639 274.4781 14.82148711635859
TERRASAR-X              
1 31698U 07026A   19066.94995586  .00003732  00000-0  18074-3 0  9997
2 31698  97.4451  75.6272 0001925  71.7380 311.5912 15.19165285650333
WORLDVIEW-1 (WV-1)      
1 32060U 07041A   19068.81724389  .00000643  00000-0  29042-4 0  9993
2 32060  97.3872 189.8084 0002087  92.1804  66.6974 15.24459781638324
YAOGAN 3                
1 32289U 07055A   19068.85470835  .00000061  00000-0  14793-4 0  9990
2 32289  98.0055  79.6927 0001871  86.1843 273.9600 14.80944126612072
COSMO-SKYMED 2          
1 32376U 07059A   19068.75616533  .00000417  00000-0  58917-4 0  9998
2 32376  97.8878 253.5495 0001778  94.2831 265.8577 14.82159074608592
RADARSAT-2              
1 32382U 07061A   19068.82041642  .00000025  00000-0  26571-4 0  9995
2 32382  98.5767  77.1998 0001368  91.8153 345.2459 14.29984829586421
CARTOSAT-2A             
1 32783U 08021A   19068.76960441 -.00000168  00000-0 -15704-4 0  9993
2 32783  97.9861 129.0569 0014589  77.1916 283.0894 14.78654032586323
JASON-2 (OSTM)          
1 33105U 08032A   19068.85966883 -.00000038  00000-0  94529-4 0  9997
2 33105  66.0389 236.1329 0007653 273.8564 235.4473 12.87629600501788
RAPIDEYE 2              
1 33312U 08040A   19068.77356292  .00002131  00000-0  28585-3 0  9997
2 33312  97.7570 140.8704 0013186  92.8661 267.4010 14.80305994568635
RAPIDEYE 5              
1 33313U 08040B   19068.72943212  .00002418  00000-0  32320-3 0  9997
2 33313  97.7655 139.5792 0017574 340.4301  19.6193 14.80307459568570
RAPIDEYE 1              
1 33314U 08040C   19068.78524357  .00000048  00000-0  12923-4 0  9994
2 33314  97.7571 140.6297 0024277 108.9436 251.4406 14.80296938568623
RAPIDEYE 3              
1 33315U 08040D   19068.75391440  .00003249  00000-0  43240-3 0  9998
2 33315  97.7673 139.4786 0013844  49.2326 311.0023 14.80303905568585
RAPIDEYE 4              
1 33316U 08040E   19068.74163213  .00002143  00000-0  28754-3 0  9998
2 33316  97.7705 139.2865 0012965   0.1010   0.0164 14.80301565568577
HUANJING 1A (HJ-1A)     
1 33320U 08041A   19068.79817678  .00000072  00000-0  17331-4 0  9999
2 33320  97.8523 129.9917 0026531 145.2178 215.0761 14.76999885565868
HUANJING 1B (HJ-1B)     
1 33321U 08041B   19068.76650521  .00000147  00000-0  27796-4 0  9998
2 33321  97.8594 131.7300 0035061 162.9089 197.3302 14.77105221565855
GEOEYE 1                
1 33331U 08042A   19068.65742928 -.00000062  00000-0 -28315-5 0  9998
2 33331  98.1041 144.7842 0010463  82.5295 277.7105 14.64308195561364
THEOS                   
1 33396U 08049A   19068.79821215  .00000169  00000-0  10000-3 0  9994
2 33396  98.6963 137.6081 0001543 105.8080  26.7684 14.20045414540971
COSMO-SKYMED 3          
1 33412U 08054A   19068.81100552 -.00001009  00000-0 -12026-3 0  9992
2 33412  97.8880 253.6045 0001680  98.4467 261.6962 14.82147194561064
YAOGAN 4                
1 33446U 08061A   19068.85470493  .00000075  00000-0  17488-4 0  9993
2 33446  97.6625  40.9816 0017429  54.7391 305.5448 14.76931888553105
GOSAT (IBUKI)           
1 33492U 09002A   19068.23520212  .00000102  00000-0  26341-4 0  9996
2 33492  98.0228 182.5830 0001653 100.1350 260.0041 14.67571606542236
YAOGAN 6                
1 34839U 09021A   19068.84116164  .00000419  00000-0  18565-4 0  9997
2 34839  97.0651  98.2254 0026616 237.6068 122.2596 15.26463852548770
DEIMOS-1                
1 35681U 09041A   19068.79586450  .00000107  00000-0  24791-4 0  9990
2 35681  97.8777 313.9631 0003244 100.3779 259.7797 14.71774633515893
DUBAISAT-1              
1 35682U 09041B   19068.56539008 -.00000044  00000-0  34838-6 0  9999
2 35682  97.7337 267.3888 0010598 303.5156  56.5034 14.68719101514731
OCEANSAT-2              
1 35931U 09051A   19068.16939161  .00000059  00000-0  26014-4 0  9997
2 35931  98.2984 164.6677 0002832  69.7243 290.4255 14.50859092500809
WORLDVIEW-2 (WV-2)      
1 35946U 09055A   19068.66117905 -.00000040  00000-0  94337-6 0  9992
2 35946  98.4432 146.1819 0001136 347.4388  12.6772 14.37609198494096
SMOS                    
1 36036U 09059A   19067.93094486  .00000044  00000-0  27987-4 0  9992
2 36036  98.4438 256.6372 0001040  98.0100 262.1206 14.39764893491096
YAOGAN 7                
1 36110U 09069A   19068.75582653  .00000060  00000-0  16935-4 0  9994
2 36110  98.2658 249.3855 0022776 261.4568  98.4063 14.75183755497841
TANDEM-X                
1 36605U 10030A   19068.20720259  .00000776  00000-0  40158-4 0  9997
2 36605  97.4456  76.8660 0002119  70.7790 343.9613 15.19155450483261
CARTOSAT-2B             
1 36795U 10035A   19068.80625082  .00000065  00000-0  16014-4 0  9991
2 36795  97.9842 128.7646 0015539 143.6421 216.5849 14.78658475467376
YAOGAN 10               
1 36834U 10038A   19068.82311491  .00000027  00000-0  10288-4 0  9991
2 36834  97.9647  69.7681 0001767  79.2048 280.9361 14.80903073463812
COSMO-SKYMED 4          
1 37216U 10060A   19068.77304887  .00000014  00000-0  83493-5 0  9991
2 37216  97.8881 253.5652 0001615  85.6860 274.4536 14.82149648451149
RESOURCESAT-2           
1 37387U 11015A   19068.85238720 -.00001085  00000-0 -47866-3 0  9995
2 37387  98.7231 145.1697 0002159 345.0808  15.0339 14.21201488409283
HAIYANG 2A              
1 37781U 11043A   19068.63922463 -.00000170  00000-0 -12444-3 0  9992
2 37781  99.3226  79.3194 0002191 107.0682 253.0673 13.78717940380856
RASAT                   
1 37791U 11044D   19068.75566753  .00000024  00000-0  13542-4 0  9990
2 37791  98.1173 162.9754 0020581 298.7349  61.1791 14.64706791404075
MEGHA-TROPIQUES         
1 37838U 11058A   19068.87912431  .00000293  00000-0  16478-4 0  9997
2 37838  19.9780 301.0387 0009713 139.2662 220.8469 14.09694840382207
SRMSAT                  
1 37841U 11058D   19068.01277432  .00000313  00000-0  26548-4 0  9994
2 37841  19.9719 286.0428 0011865 159.5825   1.6440 14.10625891382327
YAOGAN 13               
1 37941U 11072A   19068.78033090  .00000650  00000-0  35403-4 0  9999
2 37941  97.5215   1.1896 0000773 155.0755 288.9336 15.17890166403320
PLEIADES 1A             
1 38012U 11076F   19068.79150034 -.00000041  00000-0  10600-5 0  9990
2 38012  98.1717 144.8171 0001809  92.4033 267.7371 14.58565945384789
ZIYUAN 1-02C (ZY 1-02C) 
1 38038U 11079A   19068.81539991  .00000058  00000-0  34642-4 0  9995
2 38038  98.2553 119.0319 0001835  75.8120 284.3263 14.35492590377973
ZIYUAN 3 (ZY 3)         
1 38046U 12001A   19068.79576588  .00000621  00000-0  30901-4 0  9990
2 38046  97.4639 143.4242 0004196  50.0744  90.6409 15.21271806397821
RISAT-1                 
1 38248U 12017A   19068.63153376  .00000468  00000-0  32957-4 0  9992
2 38248  97.5728  78.5113 0005473  55.5848 304.5898 15.09744181378346
ARIRANG-3 (KOMPSAT-3)   
1 38338U 12025B   19068.82374589  .00000039  00000-0  17236-4 0  9990
2 38338  98.1524   8.0203 0010189 150.1457 210.0328 14.61740709363301
KANOPUS-V 1             
1 38707U 12039A   19068.79376428  .00000074  00000-0  67664-5 0  9995
2 38707  97.4576 348.7017 0001584  78.1499   6.4935 15.18982609367812
EXACTVIEW-1 (ADS-1B)    
1 38709U 12039C   19068.69140677  .00000018  00000-0  28673-4 0  9995
2 38709  99.1441  79.0886 0009514 247.0815 112.9350 14.23986795344568
SPOT 6                  
1 38755U 12047A   19068.73830246 -.00000052  00000-0 -13721-5 0  9997
2 38755  98.2229 136.9711 0001499  93.3973 266.7386 14.58541525345850
PLEIADES 1B             
1 39019U 12068A   19068.75749379 -.00000044  00000-0  39240-6 0  9997
2 39019  98.1743 144.8653 0001673  92.7273 267.4107 14.58560939333639
GOKTURK 2               
1 39030U 12073A   19068.77200528  .00000021  00000-0  11074-4 0  9993
2 39030  98.0066 319.8501 0001399 141.3103 218.8211 14.72723278333362
LANDSAT 8               
1 39084U 13008A   19068.20100247  .00000034  00000-0  17471-4 0  9997
2 39084  98.1968 139.6110 0001186  83.2193 276.9138 14.57118789322802
SARAL                   
1 39086U 13009A   19067.92510131 -.00000006  00000-0  13969-4 0  9993
2 39086  98.5404 255.6875 0001392 140.6582 219.4703 14.32033070315230
GAOFEN 1                
1 39150U 13018A   19068.83098730 -.00000950  00000-0 -12862-3 0  9991
2 39150  97.9055 151.3407 0018965 177.3853 182.7457 14.76523576316302
VNREDSAT 1              
1 39160U 13021B   19068.80325018  .00000026  00000-0  14230-4 0  9999
2 39160  98.1907 144.9973 0001147  93.8121 266.3206 14.62940589311805
ARIRANG-5 (KOMPSAT-5)   
1 39227U 13042A   19068.77547057 -.00000311  00000-0 -17895-4 0  9990
2 39227  97.6151 254.3889 0002363  89.4600  40.8076 15.04512302304504
YAOGAN 18               
1 39363U 13059A   19068.77365206  .00000571  00000-0  31254-4 0  9994
2 39363  97.3119 129.5298 0002798 108.5699  30.9222 15.18014257296982
SKYSAT-1                
1 39418U 13066C   19068.17235005  .00000319  00000-0  31317-4 0  9990
2 39418  97.6542 151.8731 0020871 330.7194  29.2855 14.98785940289433
DUBAISAT-2              
1 39419U 13066D   19068.84905122 -.00000313  00000-0 -24123-4 0  9992
2 39419  97.6042 134.4759 0013006 330.0937  29.9550 14.93951603288654
GPM-CORE                
1 39574U 14009C   19068.01237018  .00002446  00000-0  39421-4 0  9997
2 39574  65.0068 298.0101 0011471 288.7208  71.2693 15.55817821285506
SENTINEL-1A             
1 39634U 14016A   19068.84168107 -.00000046  00000-0  45706-7 0  9996
2 39634  98.1813  77.4632 0001472  74.3449 285.7905 14.59198710262664
KAZEOSAT 1              
1 39731U 14024A   19068.80346468 -.00000012  00000-0  93084-5 0  9990
2 39731  98.3619 147.3935 0001389  82.1668 277.9679 14.42035172255777
ALOS-2                  
1 39766U 14029A   19068.79133847  .00000138  00000-0  25301-4 0  9990
2 39766  97.9198 167.0739 0001801  84.7155 275.4260 14.79471909258843
KAZEOSAT 2              
1 40010U 14033A   19068.77301816  .00000020  00000-0  90980-5 0  9996
2 40010  97.8491 329.9869 0017365  26.4943 333.7159 14.82105235255342
HODOYOSHI-4             
1 40011U 14033B   19068.86268899  .00000070  00000-0  15700-4 0  9991
2 40011  97.8285 324.4601 0027750  22.1993 338.0418 14.81080300255109
DEIMOS-2                
1 40013U 14033D   19068.76429091 -.00000555  00000-0 -59471-4 0  9998
2 40013  97.8480 334.4835 0002840  76.7443 283.4093 14.84582317255779
HODOYOSHI-3             
1 40015U 14033F   19067.90615106  .00000108  00000-0  21710-4 0  9996
2 40015  97.8025 314.5060 0037907  37.4304 322.9536 14.78467254254491
SPOT 7                  
1 40053U 14034A   19068.77233545 -.00000043  00000-0  45463-6 0  9990
2 40053  98.1542 136.9797 0001853  86.9094 273.2310 14.58576077249797
SKYSAT-2                
1 40072U 14037D   19068.86296112  .00000100  00000-0  20370-4 0  9994
2 40072  98.4064 217.6456 0006370 180.4506 179.6700 14.81156608252332
WORLDVIEW-3 (WV-3)      
1 40115U 14048A   19068.23121103 -.00000012  00000-0  47922-5 0  9998
2 40115  97.8163 148.8704 0002163  62.2053 297.9371 14.84994441247604
YAOGAN 21               
1 40143U 14053A   19068.78290929  .00000681  00000-0  30249-4 0  9992
2 40143  97.2372 134.0760 0011627 112.5069  20.2427 15.24723450250496
YAOGAN 22               
1 40275U 14063A   19068.70061263 -.00000045  00000-0  00000+0 0  9990
2 40275 100.4556 182.6189 0006780  81.9820 278.2059 13.15333082210538
ASNARO                  
1 40298U 14070A   19068.80388222  .00000780  00000-0  39807-4 0  9998
2 40298  97.4472 153.0876 0002083  91.9809  56.4482 15.19632998240623
HODOYOSHI-1             
1 40299U 14070B   19068.74998383  .00000533  00000-0  25401-4 0  9998
2 40299  97.3549 150.5820 0014296  43.8487  55.1065 15.23235599240901
QSAT-EOS                
1 40301U 14070D   19068.83318309  .00001440  00000-0  58980-4 0  9992
2 40301  97.3348 148.0280 0027207  38.8549  28.9366 15.25584550240912
YAOGAN 23               
1 40305U 14071A   19068.81458480  .00000682  00000-0  36955-4 0  9995
2 40305  97.4833   7.3259 0001317  47.7795  36.5678 15.17886642239091
YAOGAN 24               
1 40310U 14072A   19068.77579871 -.00000002  00000-0  71676-5 0  9992
2 40310  98.0685 196.7276 0016538 195.3309 164.7408 14.77263639231810
CBERS 4                 
1 40336U 14079A   19068.81493204  .00000135  00000-0  61867-4 0  9993
2 40336  98.3817 138.4552 0001245  67.2428 292.8888 14.35499179222882
RESURS P2               
1 40360U 14087A   19068.80959447  .00000667  00000-0  23298-4 0  9990
2 40360  97.2586 161.3542 0011154  58.8122  94.1286 15.32979227234963
YAOGAN 26               
1 40362U 14088A   19068.82485882  .00000895  00000-0  36817-4 0  9996
2 40362  97.2970 145.8507 0003444 206.6238 263.0248 15.26672734233964
SMAP                    
1 40376U 15003A   19068.54153896 -.00001114  00000-0 -20678-3 0  9999
2 40376  98.1213  76.9413 0001495  41.6624 318.4736 14.63348942219084
KOMPSAT-3A              
1 40536U 15014A   19068.82539132  .00000580  00000-0  37396-4 0  9991
2 40536  97.5433   8.3284 0009873 314.0027  68.6611 15.12165234218357
SENTINEL-2A             
1 40697U 15028A   19068.80884706 -.00000219  00000-0 -66877-4 0  9999
2 40697  98.5659 144.7008 0001264  81.2381 278.8916 14.30817324193872
CARBONITE 1 (CBNT-1)    
1 40718U 15032D   19068.73917388  .00000113  00000-0  24450-4 0  9995
2 40718  97.8985 317.8698 0015370 273.5110  86.4349 14.74665975197178
YAOGAN 27               
1 40878U 15040A   19068.71711090 -.00000044  00000-0  00000+0 0  9995
2 40878 100.3029 125.7542 0008299 205.6088 154.4619 13.15961556169757
LAPAN-A2                
1 40931U 15052B   19068.37165594  .00000670  00000-0  41600-5 0  9993
2 40931   6.0002  59.0068 0013200 163.9093 196.1455 14.76599140186262
YAOGAN 28               
1 41026U 15064A   19068.81558225  .00001069  00000-0  39153-4 0  9990
2 41026  97.3899 200.4084 0007910 227.5101 295.0265 15.30229098186185
YAOGAN 29               
1 41038U 15069A   19068.81597829  .00000007  00000-0  77700-5 0  9993
2 41038  97.9677  53.8352 0001358  47.1593 312.9730 14.80397228177380
KENT RIDGE 1            
1 41167U 15077B   19067.82095932  .00001061  00000-0  24882-4 0  9996
2 41167  14.9842 280.1166 0011280  45.4973  50.1718 15.09001228178182
TELEOS 1                
1 41169U 15077D   19068.76015296  .00001119  00000-0  27121-4 0  9990
2 41169  14.9769 264.5477 0010472  70.5817  20.1454 15.10142855178404
JASON-3                 
1 41240U 16002A   19068.86394879 -.00000071  00000-0 -42695-4 0  9998
2 41240  66.0385 252.2050 0007363 274.5591  85.4583 12.80930970146923
SENTINEL-3A             
1 41335U 16011A   19068.83703737 -.00000003  00000-0  16599-4 0  9995
2 41335  98.6195 137.2335 0001379 100.8853 259.2483 14.26740467159284
SENTINEL-1B             
1 41456U 16025A   19068.73833928 -.00000066  00000-0 -42402-5 0  9992
2 41456  98.1813  77.1878 0001559  81.0116 279.1247 14.59198679152815
ZIYUAN 3-2 (ZY 3-2)     
1 41556U 16033A   19068.77775326  .00000523  00000-0  26402-4 0  9990
2 41556  97.4054 147.7271 0001665 136.3708  15.3268 15.21354654154110
NUSAT-1 (FRESCO)        
1 41557U 16033B   19068.87074106  .00001202  00000-0  48187-4 0  9999
2 41557  97.4204 156.9736 0012429 297.0840  62.9130 15.26929066154709
NUSAT-2 (BATATA)        
1 41558U 16033C   19068.83419695  .00001240  00000-0  46915-4 0  9991
2 41558  97.4226 157.6599 0011503 299.6605  60.3488 15.28825861154728
CARTOSAT-2C             
1 41599U 16040A   19068.78896632  .00000220  00000-0  13601-4 0  9991
2 41599  97.3740 129.3188 0015085  39.8586  97.7479 15.19288550150395
SKYSAT-C1               
1 41601U 16040C   19068.80719003  .00000532  00000-0  25385-4 0  9992
2 41601  97.4141 148.7164 0001901  93.8463  48.8883 15.23311684150701
LAPAN-A3                
1 41603U 16040E   19068.78017669  .00000087  00000-0  72289-5 0  9991
2 41603  97.3747 129.9093 0014589  38.7574  99.9511 15.19674505150415
BIROS                   
1 41604U 16040F   19068.13137993  .00000415  00000-0  21394-4 0  9999
2 41604  97.3777 131.4756 0013121  29.3777 330.8194 15.21621423150457
SKYSAT-C4               
1 41771U 16058B   19068.81946288 -.00001585  00000-0 -64086-4 0  9999
2 41771  97.4090 141.2910 0001573  93.2826  17.2944 15.23222031137655
SKYSAT-C5               
1 41772U 16058C   19068.82861038  .00000480  00000-0  23225-4 0  9991
2 41772  97.4100 140.8720 0002269  83.0860  10.5349 15.23258565137645
SKYSAT-C2               
1 41773U 16058D   19068.19284122  .00000561  00000-0  26607-4 0  9992
2 41773  97.4118 140.7972 0001309  71.3992 344.2639 15.23284774137553
SKYSAT-C3               
1 41774U 16058E   19068.20640105  .00000444  00000-0  21642-4 0  9996
2 41774  97.4120 140.8023 0001358  93.3737 327.5385 15.23312188137553
ALSAT 1B                
1 41785U 16059C   19068.75902384 -.00000015  00000-0  64365-5 0  9994
2 41785  98.0787 130.8867 0030709 342.1074  17.9038 14.63311519130791
PATHFINDER 1            
1 41787U 16059E   19068.71349368  .00000027  00000-0  14330-4 0  9997
2 41787  98.0810 131.4163 0030326 340.3241  19.6791 14.63652789130812
SCATSAT 1               
1 41790U 16059H   19068.68784631  .00000006  00000-0  12674-4 0  9999
2 41790  98.2237 116.1281 0018243   0.8660 359.2563 14.50891902129680
WORLDVIEW-4 (WV-4)      
1 41848U 16067A   19068.19938047 -.00002733  00000-0 -31292-3 0  9997
2 41848  97.8882 148.1402 0011933 156.4365 203.5832 14.85132282125755
GOKTURK 1A              
1 41875U 16073A   19068.78080500  .00000015  00000-0  12121-4 0  9991
2 41875  98.1456 324.7559 0001580  72.7304 287.4071 14.62761661120486
RESOURCESAT-2A          
1 41877U 16074A   19068.81086143 -.00000009  00000-0  15787-4 0  9992
2 41877  98.6427 143.8089 0000864  77.1671 282.9599 14.21659465116886
CARTOSAT-2D             
1 41948U 17008A   19068.47206076  .00000518  00000-0  27723-4 0  9997
2 41948  97.4093 130.8305 0006902 166.5345 193.6076 15.19277388114219
SENTINEL-2B             
1 42063U 17013A   19067.37531199 -.00000043  00000-0  13500-6 0  9991
2 42063  98.5643 143.3011 0001312  94.5642 265.5691 14.30820021104585
ZHUHAI-1 02 (CAS 4B)    
1 42759U 17034B   19068.89286742  .00000205  00000-0  26115-4 0  9998
2 42759  43.0182  64.3596 0011822 331.7973 105.1314 15.09502177 95609
NUSAT-3 (MILANESAT)     
1 42760U 17034C   19068.86554300  .00000325  00000-0  33103-4 0  9993
2 42760  43.0161  64.9444 0009834 347.0057  84.7451 15.09908463 95601
ZHUHAI-1 01 (CAS 4A)    
1 42761U 17034D   19068.85996056  .00000198  00000-0  25669-4 0  9997
2 42761  43.0180  64.1394 0012339 333.6753  96.8293 15.09578690 95598
CARTOSAT-2E             
1 42767U 17036C   19068.15273172  .00000326  00000-0  18748-4 0  9998
2 42767  97.4868 127.9698 0007432 224.3401 135.7240 15.19214907 94738
FORMOSAT-5              
1 42920U 17049A   19068.78507362 -.00000030  00000-0  38113-5 0  9995
2 42920  98.3359 148.0310 0009756 324.5567  35.4978 14.50827657 81495
SENTINEL-5P             
1 42969U 17064A   19068.84269714 -.00000017  00000-0  12891-4 0  9997
2 42969  98.7277   9.6774 0001056  81.8343 278.2953 14.19553652 72695
SKYSAT-C11              
1 42987U 17068A   19068.74301203  .00000549  00000-0  27382-4 0  9990
2 42987  97.4201 183.7208 0008666 202.2755 157.8105 15.21594972 75041
SKYSAT-C10              
1 42988U 17068B   19068.54722544  .00000714  00000-0  34702-4 0  9992
2 42988  97.4182 183.4223 0003524 230.0082 189.3846 15.21617508 75014
SKYSAT-C9               
1 42989U 17068C   19068.81820207  .00000691  00000-0  33686-4 0  9992
2 42989  97.4206 184.1282 0001837  74.5375  88.6855 15.21591111 75074
SKYSAT-C8               
1 42990U 17068D   19068.80774475  .00000701  00000-0  34039-4 0  9993
2 42990  97.4198 184.0014 0003074 273.2237 246.0906 15.21712806 75060
SKYSAT-C7               
1 42991U 17068E   19068.58032589  .00000710  00000-0  34490-4 0  9993
2 42991  97.4201 183.7971 0004591 286.2341 139.4038 15.21626435 75039
SKYSAT-C6               
1 42992U 17068F   19068.90610291  .00000777  00000-0  37404-4 0  9993
2 42992  97.4209 184.3070 0011706 338.1382 119.8766 15.21657042 75097
CARTOSAT-2F             
1 43111U 18004A   19068.81199465  .00000607  00000-0  32030-4 0  9995
2 43111  97.4468 131.8539 0002609 226.8611 269.8238 15.19230543 64015
MICROSAT-TD             
1 43128U 18004T   19068.71736793  .00015305  00000-0  12474-3 0  9993
2 43128  96.8207 127.5435 0007199 157.2222 202.9363 15.70678703 66153
NUSAT-4 (ADA)           
1 43195U 18015D   19068.84065344  .00000975  00000-0  43672-4 0  9992
2 43195  97.3793 197.9051 0016265 298.3206 220.8612 15.23524373 60972
NUSAT-5 (MARYAM)        
1 43204U 18015K   19068.82404625  .00001090  00000-0  48218-4 0  9990
2 43204  97.3797 197.9270 0015754 301.5784 211.1764 15.23719251 60578
SENTINEL-3B             
1 43437U 18039A   19068.17849480 -.00000007  00000-0  15049-4 0  9998
2 43437  98.6298 136.5476 0001677 106.2434 253.8931 14.26734437 45256
AEOLUS                  
1 43600U 18066A   19068.57503998 -.00000137  00000-0  00000+0 0  9995
2 43600  96.7261  76.8771 0005620 162.2038 198.0585 15.86639209 31499
ICESAT-2                
1 43613U 18070A   19068.67562045  .00000261  00000-0  92690-5 0  9992
2 43613  92.0000 295.9485 0002649  79.2573 280.8974 15.28278007 26754
HYSIS                   
1 43719U 18096A   19068.78149600  .00000093  00000-0  19845-4 0  9990
2 43719  97.9590 137.6494 0009009 298.3392  61.6906 14.78615205 14858
KAZSTSAT                
1 43783U 18099AB  19068.17600284 -.00000207  00000-0 -14234-4 0  9993
2 43783  97.7689 141.3177 0007534 300.3487  59.6988 14.93594370 14231
SAUDISAT 5A             
1 43831U 18102A   19068.81541914  .00000396  00000-0  29941-4 0  9995
2 43831  97.6146 145.4623 0013077 313.2003 157.0771 15.07841056 13963
SAUDISAT 5B             
1 43833U 18102C   19068.78812328 -.00000352  00000-0 -18552-4 0  9993
2 43833  97.6132 145.4952 0014420 323.1258 144.8986 15.08272189 13957
