SARSAT 7 (NOAA 15)      
1 25338U 98030A   19068.58122619 -.00000002  00000-0  17741-4 0  9996
2 25338  98.7559  89.9846 0010681 171.2409 188.8959 14.25897236 82847
METEOSAT-8 (MSG-1)      
1 27509U 02040B   19068.60234201  .00000136  00000-0  00000+0 0  9990
2 27509   5.9191  55.9656 0001775 319.7290  49.8762  1.00282798 60613
GPS BIIR-08             
1 27663U 03005A   19068.49915300 -.00000035  00000-0  00000+0 0  9995
2 27663  56.3841 320.2729 0105353  30.4796 200.1155  2.00550762118027
GPS BIIR-11             
1 28190U 04009A   19067.90387731 -.00000065  00000-0  00000+0 0  9995
2 28190  56.2511  21.0816 0092154  77.2089 238.8802  2.00569768109682
GPS BIIR-12             
1 28361U 04023A   19068.58167872  .00000024  00000-0  00000+0 0  9992
2 28361  54.0511 194.3223 0130833 229.4634 128.5113  2.00568653107778
GPS BIIR-13             
1 28474U 04045A   19068.32844936 -.00000010  00000-0  00000+0 0  9992
2 28474  54.6496  71.8505 0191242 259.0258 279.9789  2.00564575105132
SARSAT 10 (NOAA 18)     
1 28654U 05018A   19068.61883654  .00000065  00000-0  60012-4 0  9998
2 28654  99.1108 114.0049 0015266 102.0398 258.2485 14.12408346711250
GPS BIIR-14M            
1 28874U 05038A   19068.18075022 -.00000065  00000-0  00000+0 0  9995
2 28874  56.3792  18.4118 0131816 261.6945 277.4367  2.00560378 98531
METEOSAT-9 (MSG-2)      
1 28912U 05049B   19068.59466525  .00000014  00000-0  00000+0 0  9990
2 28912   3.4577  71.4274 0000744 338.1056 334.7910  1.00270420 48438
GOES 13                 
1 29155U 06018A   19068.51022093 -.00000289  00000-0  00000+0 0  9992
2 29155   0.4331 283.1533 0011388 136.8178 230.6102  1.00278547 46878
SARSAT 11 (METOP-A)     
1 29499U 06044A   19068.87781250 -.00000002  00000-0  18487-4 0  9994
2 29499  98.5888 124.8618 0001835 124.5333 235.9627 14.21543792642744
GPS BIIR-16M            
1 29601U 06052A   19067.98953502 -.00000034  00000-0  00000+0 0  9992
2 29601  56.3633 319.2092 0073314  58.8759 301.9013  2.00562547 90166
GPS BIIR-17M            
1 32260U 07047A   19068.30119649  .00000019  00000-0  00000+0 0  9997
2 32260  53.1742 190.1143 0110871  43.1037 317.7390  2.00565873 83548
GPS BIIR-18M            
1 32384U 07062A   19068.36034969 -.00000064  00000-0  00000+0 0  9999
2 32384  56.4609  19.0358 0005432  79.9644 101.1360  2.00578089 82282
SARSAT 12 (NOAA 19)     
1 33591U 09005A   19068.59593558  .00000038  00000-0  45857-4 0  9992
2 33591  99.1738  57.3068 0013163 304.6150  55.3778 14.12337962519639
GOES 14                 
1 35491U 09033A   19068.56001944 -.00000098  00000-0  00000+0 0  9997
2 35491   0.0574 110.3878 0008612 131.6104  22.2164  1.00271796 35515
GOES 15                 
1 36411U 10008A   19068.60014191  .00000050  00000-0  00000+0 0  9994
2 36411   0.0188 200.9689 0002115  67.2655 346.4084  1.00272524 33039
GLONASS-K 1             
1 37372U 11009A   19067.78816493 -.00000021  00000-0  00000+0 0  9995
2 37372  65.6974  43.4045 0009686 242.9111 291.5515  2.13107508 62463
GPS BIIF-2              
1 37753U 11036A   19067.65022771 -.00000004  00000-0  00000+0 0  9993
2 37753  55.8461  75.7212 0083327  37.8316 134.5247  2.00565747 55968
GSAT0101 (GALILEO-PFM)  
1 37846U 11060A   19068.20493809 -.00000024  00000-0  00000+0 0  9991
2 37846  56.3088  54.1513 0005225 322.7023  37.2593  1.70475810 45957
GSAT0102 (GALILEO-FM2)  
1 37847U 11060B   19068.13231507 -.00000024  00000-0  00000+0 0  9999
2 37847  56.3096  54.1524 0006722 308.8819  52.5401  1.70475765 45957
LUCH 5A                 
1 37951U 11074B   19068.84242478 -.00000060  00000-0  00000+0 0  9997
2 37951   2.2930 133.1769 0003667 220.5802 282.5532  1.00271243 26559
METEOSAT-10 (MSG-3)     
1 38552U 12035B   19068.59579934  .00000056  00000-0  00000+0 0  9999
2 38552   0.9919  11.8340 0000645  45.1630 333.6425  1.00274314 24581
SARSAT 13 (METOP-B)     
1 38771U 12049A   19068.87991634 -.00000007  00000-0  16950-4 0  9996
2 38771  98.7169 129.5526 0000552 165.3664 313.5307 14.21482649335870
GPS BIIF-3              
1 38833U 12053A   19068.39351506  .00000035  00000-0  00000+0 0  9999
2 38833  53.8177 252.5490 0081044  33.0685 327.4246  2.00557138 47041
GSAT0103 (GALILEO-FM3)  
1 38857U 12055A   19068.24687927  .00000008  00000-0  00000+0 0  9990
2 38857  54.9236 174.6247 0003073 251.0614 108.9108  1.70473728 39867
GSAT0104 (GALILEO-FM4)  
1 38858U 12055B   19068.18112429  .00000008  00000-0  00000+0 0  9994
2 38858  54.9240 174.6260 0001894 254.3979 105.5861  1.70473686 39814
GPS BIIF-4              
1 39166U 13023A   19068.25588276 -.00000067  00000-0  00000+0 0  9994
2 39166  56.0652  15.2179 0067218  23.4763 336.8249  2.00568403 42587
INSAT-3D                
1 39216U 13038B   19068.55049539 -.00000161  00000-0  00000+0 0  9998
2 39216   0.0581 263.5514 0001065 105.0139  78.6214  1.00271595 20666
GPS BIIF-5              
1 39533U 14008A   19068.25181505  .00000032  00000-0  00000+0 0  9991
2 39533  53.9522 257.9386 0037684 190.3256 169.5953  2.00569826 36943
LUCH 5V                 
1 39727U 14023A   19068.11033163 -.00000275  00000-0  00000+0 0  9994
2 39727   1.4253 301.9274 0003559  77.3197 281.6931  1.00271127535876
GPS BIIF-6              
1 39741U 14026A   19068.04066394 -.00000004  00000-0  00000+0 0  9997
2 39741  55.8272  75.2312 0018137 290.2795  69.5619  2.00579255 35222
GPS BIIF-7              
1 40105U 14045A   19068.62519798  .00000026  00000-0  00000+0 0  9992
2 40105  54.5775 194.5700 0011842 101.1165 258.9939  2.00557745 33682
GSAT0201 (GALILEO 5)    
1 40128U 14050A   19067.08231073 -.00000084  00000-0  00000-0 0  9995
2 40128  50.5520  20.0348 1660602  84.2391 294.3412  1.85519099 29035
GSAT0202 (GALILEO 6)    
1 40129U 14050B   19067.34779063 -.00000083  00000-0  00000-0 0  9990
2 40129  50.5976  19.0437 1660110  85.1220 293.5145  1.85519622 31177
GPS BIIF-8              
1 40294U 14068A   19068.49234178  .00000019  00000-0  00000+0 0  9999
2 40294  55.1451 135.4192 0017940  28.3785 331.7976  2.00576076 31903
GLONASS-K 2             
1 40315U 14075A   19068.12966162  .00000035  00000-0  00000+0 0  9994
2 40315  64.0976 283.2116 0014635 204.9819 338.1224  2.13098653 33233
GPS BIIF-9              
1 40534U 15013A   19068.13969975 -.00000030  00000-0  00000+0 0  9992
2 40534  54.5763 314.0211 0036670   3.7448 356.3437  2.00576143 28962
GSAT0203 (GALILEO 7)    
1 40544U 15017A   19067.39757570 -.00000025  00000-0  00000-0 0  9995
2 40544  56.0996  54.3731 0005203 272.4993  87.4408  1.70475170 23898
GSAT0204 (GALILEO 8)    
1 40545U 15017B   19066.00658592 -.00000028  00000-0  00000+0 0  9999
2 40545  56.1053  54.4256 0002750 265.7537  94.2183  1.70475418 24533
GPS BIIF-10             
1 40730U 15033A   19068.29277491 -.00000068  00000-0  00000+0 0  9995
2 40730  55.5915  14.6018 0044140 338.9968  20.8203  2.00560145 26720
METEOSAT-11 (MSG-4)     
1 40732U 15034A   19068.59396737 -.00000010  00000-0  00000+0 0  9993
2 40732   0.9295 224.4673 0001067  97.8597  58.2775  1.00267680 13402
GSAT0205 (GALILEO 9)    
1 40889U 15045A   19068.01007880  .00000011  00000-0  00000+0 0  9993
2 40889  56.5245 294.9163 0004695  26.6078 333.4760  1.70474765 21713
GSAT0206 (GALILEO 10)   
1 40890U 15045B   19067.64320286  .00000010  00000-0  00000+0 0  9990
2 40890  56.5247 294.9231 0003004  29.0859 330.9922  1.70474875 21736
GPS BIIF-11             
1 41019U 15062A   19068.34419269  .00000019  00000-0  00000+0 0  9990
2 41019  55.1473 135.2374 0044912 206.2237 153.6259  2.00564691 24548
ELEKTRO-L 2             
1 41105U 15074A   19068.17828839 -.00000102  00000-0  00000+0 0  9991
2 41105   0.1298 133.6421 0001819 255.2613 277.8710  1.00271871 11872
GSAT0209 (GALILEO 12)   
1 41174U 15079A   19068.40088187  .00000009  00000-0  00000+0 0  9997
2 41174  54.9374 174.3146 0004255 303.7336  56.2329  1.70474004 20060
GSAT0208 (GALILEO 11)   
1 41175U 15079B   19066.27437391 -.00000004  00000-0  00000+0 0  9992
2 41175  54.9358 174.3732 0003296 304.8928  55.0674  1.70474074 20031
GPS BIIF-12             
1 41328U 16007A   19068.43972588  .00000025  00000-0  00000+0 0  9998
2 41328  54.8231 194.9400 0028157 215.2604 144.5293  2.00553002 22608
GSAT0211 (GALILEO 14)   
1 41549U 16030A   19066.98332585  .00000010  00000-0  00000+0 0  9998
2 41549  56.6660 294.7500 0002720 345.1320  14.9240  1.70474569 17348
GSAT0210 (GALILEO 13)   
1 41550U 16030B   19068.44960810  .00000011  00000-0  00000+0 0  9992
2 41550  56.6644 294.7115 0001133 312.7851  47.2631  1.70474638 17351
INSAT-3DR               
1 41752U 16054A   19068.60871023 -.00000082  00000-0  00000+0 0  9996
2 41752   0.0527  99.0833 0012704 181.5207 179.4613  1.00272857  9164
GSAT0207 (GALILEO 15)   
1 41859U 16069A   19065.17458737 -.00000012  00000-0  00000+0 0  9995
2 41859  54.5956 174.8838 0003894 289.8077  70.1319  1.70473997 14280
GSAT0212 (GALILEO 16)   
1 41860U 16069B   19066.78778120 -.00000001  00000-0  00000-0 0  9995
2 41860  54.5927 174.8389 0003020 313.6043  46.3646  1.70473977 14333
GSAT0213 (GALILEO 17)   
1 41861U 16069C   19068.32711226  .00000008  00000-0  00000+0 0  9997
2 41861  54.5955 174.7991 0003177 262.3600  97.6093  1.70473984 14361
GSAT0214 (GALILEO 18)   
1 41862U 16069D   19066.12763956 -.00000006  00000-0  00000-0 0  9991
2 41862  54.5937 174.8561 0002364 267.8274  92.1344  1.70474086 14318
GOES 16                 
1 41866U 16071A   19068.57896280 -.00000254  00000-0  00000+0 0  9990
2 41866   0.0534 309.6498 0000513  84.5450 265.9858  1.00271605  8477
GSAT-17                 
1 42815U 17040B   19068.11015715 -.00000263  00000-0  00000+0 0  9998
2 42815   0.0249 234.7421 0005176  54.1030  10.7975  1.00270516  6223
GSAT0215 (GALILEO 19)   
1 43055U 17079A   19067.78848653  .00000011  00000-0  00000+0 0  9994
2 43055  56.6399 294.5791 0000510 337.3124  22.7458  1.70473805  7687
GSAT0216 (GALILEO 20)   
1 43056U 17079B   19063.97546458  .00000005  00000-0  00000+0 0  9993
2 43056  56.6433 294.6829 0002318 283.3616  76.6822  1.70473867  7607
GSAT0217 (GALILEO 21)   
1 43057U 17079C   19067.12838415  .00000011  00000-0  00000+0 0  9999
2 43057  56.6385 294.5979 0002155 306.4362  53.6072  1.70473856  7670
GSAT0218 (GALILEO 22)   
1 43058U 17079D   19068.52149875  .00000012  00000-0  00000+0 0  9991
2 43058  56.6374 294.5571 0002562 272.5845  87.4433  1.70473858  7698
GOES 17                 
1 43226U 18022A   19068.65713981  .00000092  00000-0  00000+0 0  9994
2 43226   0.0390  30.0357 0003150 347.3616 249.0004  1.00271512  3795
GSAT0221 (GALILEO 25)   
1 43564U 18060A   19066.66468935 -.00000027  00000-0  00000-0 0  9996
2 43564  56.4909  53.8972 0006343 282.7201  77.2093  1.70476119  3848
GSAT0222 (GALILEO 26)   
1 43565U 18060B   19067.47119139 -.00000025  00000-0  00000+0 0  9993
2 43565  56.4938  53.8736 0006262 289.2738  70.6569  1.70476129  3909
GSAT0219 (GALILEO 23)   
1 43566U 18060C   19068.27764501 -.00000024  00000-0  00000+0 0  9991
2 43566  56.4950  53.8530 0005842 286.5430  73.3901  1.70475933  3898
GSAT0220 (GALILEO 24)   
1 43567U 18060D   19067.32434755 -.00000025  00000-0  00000-0 0  9994
2 43567  56.4947  53.8801 0005930 286.5915  73.3421  1.70476143  3860
