AKEBONO (EXOS-D)        
1 19822U 89016A   19067.96656304  .00007614  79666-6  14005-3 0  9999
2 19822  75.0277 272.6852 1802396 310.1176  35.4973 11.92854834983615
HST                     
1 20580U 90037B   19068.58092309  .00000472  00000-0  17843-4 0  9994
2 20580  28.4688 160.5090 0002884 113.7711  11.8564 15.09184524385603
POLAR                   
1 23802U 96013A   19067.20972832  .00000150  00000-0  00000-0 0  9996
2 23802  78.6806 256.8884 6809584 299.0081   9.9383  1.29844732110343
SWAS                    
1 25560U 98071A   19068.19583358  .00000109  00000-0  18911-4 0  9993
2 25560  69.8980 116.6106 0010359 306.3967  53.6232 14.93704477 99615
ORSTED                  
1 25635U 99008B   19068.38610340  .00000048  00000-0  18959-4 0  9994
2 25635  96.4699 196.2215 0139730  37.8312 323.2608 14.48133747 57434
CXO                     
1 25867U 99040B   19071.37925356  .00000674  00000-0  00000+0 0  9994
2 25867  68.7902 277.6453 7094633 236.0065   0.4579  0.37800815 18444
XMM-NEWTON              
1 25989U 99066A   19069.86836014  .00000170  00000-0  00000+0 0  9991
2 25989  70.8288 335.9141 7730422  95.2902   0.1467  0.50136257 24054
TERRA                   
1 25994U 99068A   19068.65988805  .00001826  00000-0  41530-3 0  9997
2 25994  98.2076 144.6598 0001323  64.2612 295.8672 14.57112567 22484
CLUSTER II-FM7 (SAMBA)  
1 26410U 00041A   19068.43521374  .00000015  00000-0  00000+0 0  9996
2 26410 131.1314 338.1384 4118413 170.1592   0.2105  0.44180946 20282
CLUSTER II-FM6 (SALSA)  
1 26411U 00041B   19070.71602395  .00000000  00000-0  00000+0 0  9998
2 26411 130.4917 339.2890 5092192 177.6401   0.1670  0.44247385 20305
CLUSTER II-FM5 (RUMBA)  
1 26463U 00045A   19071.01593649 -.00000049  00000-0  00000-0 0  9999
2 26463 134.0905 338.3874 4761880 176.5659   0.1861  0.44237963  8466
CLUSTER II-FM8 (TANGO)  
1 26464U 00045B   19067.41808107 -.00000012  00000-0  00000+0 0  9996
2 26464 131.1361 338.1255 4109911 169.9331 201.8305  0.44220033 56192
ODIN                    
1 26702U 01007A   19067.62003765  .00000103  00000-0  10829-4 0  9995
2 26702  97.5799  86.8186 0012585  66.9120 293.3433 15.07741556986479
TIMED                   
1 26998U 01055B   19068.51961175  .00000102  00000-0  15117-4 0  9996
2 26998  74.0723 140.6710 0002043 302.5928  57.5055 14.88090795935236
RHESSI                  
1 27370U 02004A   19068.51653308  .00001926  00000-0  67004-4 0  9999
2 27370  38.0320 157.8846 0011717 134.7056 225.4670 15.31180612942851
INTEGRAL                
1 27540U 02048A   19066.47761568  .00000848  00000-0  00000+0 0  9997
2 27540  49.1791 151.2322 8722499 275.2633   4.1847  0.37591975 16643
CORIOLIS                
1 27640U 03001A   19068.70477601 -.00000017  00000-0  12928-4 0  9994
2 27640  98.7355  80.0716 0013123 297.7774 192.3953 14.19002567837367
SORCE                   
1 27651U 03004A   19068.98126556  .00000144  00000-0  29217-4 0  9998
2 27651  39.9983  45.5234 0022524 347.1050  12.9214 14.88965694874820
MOST                    
1 27843U 03031D   19068.64191179 -.00000026  00000-0  84400-5 0  9993
2 27843  98.7135  77.7045 0010014   3.5912 356.5335 14.20585442813462
SCISAT 1                
1 27858U 03036A   19068.20837696  .00000039  00000-0  10504-4 0  9993
2 27858  73.9346  25.0760 0008447 330.9356  29.1347 14.77236680838803
SWIFT                   
1 28485U 04047A   19067.26173108  .00000875  00000-0  29650-4 0  9999
2 28485  20.5576  54.7001 0010906 268.2148  91.7036 15.04315761783049
FORMOSAT-3 FM6          
1 29047U 06011A   19067.74216003  .00000075  00000-0  45561-4 0  9993
2 29047  71.9808 342.5054 0049645 148.8693 211.5402 14.28667281674688
FORMOSAT-3 FM1          
1 29048U 06011B   19068.51806512  .00000012  00000-0  21060-4 0  9999
2 29048  71.9647 252.3755 0042324 102.9951 257.5916 14.28616938677261
FORMOSAT-3 FM5          
1 29049U 06011C   19068.19565459  .00000047  00000-0  34690-4 0  9997
2 29049  72.0197  62.0398 0033586 136.8667 223.5110 14.28700694673003
FORMOSAT-3 FM3          
1 29050U 06011D   19068.61285811  .00000169  00000-0  46005-4 0  9995
2 29050  72.0137 254.8397 0048227  91.6350 269.0327 14.58771473688494
FORMOSAT-3 FM4          
1 29051U 06011E   19067.71487757  .00000089  00000-0  50627-4 0  9995
2 29051  72.0070 325.9571 0067825  10.4568 349.7960 14.28727370675523
FORMOSAT-3 FM2          
1 29052U 06011F   19067.39708532 -.00000006  00000-0  13520-4 0  9998
2 29052  72.0351  39.4129 0038076  96.6023 263.9450 14.28825100673800
CLOUDSAT                
1 29107U 06016A   19068.81480943  .00000072  00000-0  23655-4 0  9997
2 29107  98.1759  14.2805 0002634  58.9161 301.2298 14.62305631684436
CALIPSO                 
1 29108U 06016B   19068.54065324  .00000087  00000-0  26601-4 0  9990
2 29108  98.1776  13.8205 0001294  80.9073 279.2275 14.62305672684257
HINODE (SOLAR-B)        
1 29479U 06041A   19068.55546744  .00000022  00000-0  13238-4 0  9991
2 29479  98.1699  78.6593 0017808  38.6833 321.5642 14.64976718665685
SJ-6C                   
1 29505U 06046A   19068.74509452 -.00000299  00000-0 -22329-4 0  9991
2 29505  97.8282  78.7882 0003664 127.1909 232.9608 14.94500452674042
SJ-6D                   
1 29506U 06046B   19068.82582865 -.00000193  00000-0 -12932-4 0  9992
2 29506  97.8477  78.7264 0001509 179.1200 181.0038 14.93426456673679
AGILE                   
1 31135U 07013A   19065.69311429  .00002404  00000-0  40483-4 0  9993
2 31135   2.4673 255.9886 0012007  57.1983 302.9227 15.31384718660034
AIM                     
1 31304U 07015A   19068.66786066  .00000584  00000-0  37189-4 0  9992
2 31304  97.9703 287.3319 0006032 137.2273 222.9427 15.12975091650242
FGRST (GLAST)           
1 33053U 08029A   19068.01230466  .00000489  00000-0  11250-4 0  9993
2 33053  25.5836  36.4657 0012418  10.9950 349.0855 15.11190995592692
WISE                    
1 36119U 09071A   19067.70040145  .00000674  00000-0  26218-4 0  9991
2 36119  97.3850 103.6373 0001340 206.8303 153.2868 15.29458489512463
SDO                     
1 36395U 10005A   19068.65538887 -.00000060  00000-0  00000+0 0  9992
2 36395  29.5795 129.2908 0000650  59.5363 111.7602  1.00277011 33393
CRYOSAT 2               
1 36508U 10013A   19068.86314205 -.00000014  00000-0 -42549-5 0  9996
2 36508  92.0316 354.9610 0007571  14.7580 345.3847 14.52173629472689
X-SAT                   
1 37389U 11015C   19068.78526603 -.00000023  00000-0  82404-5 0  9998
2 37389  98.4977 135.8433 0013468 205.4076 154.6435 14.24368109409996
GCOM-W1 (SHIZUKU)       
1 38337U 12025A   19068.81853304  .00000028  00000-0  16324-4 0  9990
2 38337  98.2316  10.2904 0000760  42.6989 338.3420 14.57106250362197
NUSTAR                  
1 38358U 12031A   19068.36811849  .00000960  00000-0  26801-4 0  9994
2 38358   6.0270  54.1655 0011696  10.8837 349.1544 14.88112091366460
RBSP A                  
1 38752U 12046A   19068.78577889 -.00000175  00000-0 -71389-3 0  9997
2 38752   9.9444 261.1482 6837411 343.8903   2.1470  2.68752403 63810
RBSP B                  
1 38753U 12046B   19067.10312189  .00002038  00000-0  43674-3 0  9997
2 38753  10.0303 275.9927 6968929 315.4285   6.1083  2.68912087 63227
NEOSSAT                 
1 39089U 13009D   19067.56523021 -.00000008  00000-0  12450-4 0  9994
2 39089  98.5042 272.8178 0010294 230.3324 129.6953 14.34455657315623
IRIS                    
1 39197U 13033A   19068.50095927  .00000071  00000-0  16920-4 0  9990
2 39197  97.9447 251.1235 0026487 297.9083  61.9446 14.78609675307244
HISAKI (SPRINT-A)       
1 39253U 13049A   19068.27233191  .00000083  00000-0  27585-4 0  9993
2 39253  29.7205  43.0278 0137298  84.5376 277.0840 13.55206572271774
CASSIOPE                
1 39265U 13055A   19068.86045722  .00002083  00000-0  59713-4 0  9999
2 39265  80.9661  80.2104 0670146 221.3287 133.5315 14.26988076281329
STSAT-3                 
1 39422U 13066G   19068.78022808  .00000358  00000-0  42897-4 0  9995
2 39422  97.5713 117.9735 0021600 304.7526  55.1640 14.89705002287805
SWARM B                 
1 39451U 13067A   19068.19278035  .00000301  00000-0  11778-4 0  9990
2 39451  87.7487  59.4718 0003082 116.4073 243.7489 15.21497717293638
SWARM A                 
1 39452U 13067B   19068.55470993  .00000976  00000-0  20622-4 0  9994
2 39452  87.3447 300.4749 0003206  80.2815 279.8804 15.43673146297332
SWARM C                 
1 39453U 13067C   19068.87876820  .00000971  00000-0  20529-4 0  9990
2 39453  87.3451 301.7908 0003172  79.4137 280.7478 15.43673827297354
BRITE-TORONTO           
1 40020U 14033L   19068.49628835  .00000030  00000-0  13257-4 0  9991
2 40020  97.7569 277.8737 0088721 118.8717 242.1427 14.66554850252477
OCO 2                   
1 40059U 14035A   19068.81194597 -.00000007  00000-0  85421-5 0  9992
2 40059  98.2189  11.2815 0001235  82.1231 278.0107 14.57121623249229
BRITE-PL 2              
1 40119U 14049B   19068.20262576  .00000083  00000-0  16309-4 0  9991
2 40119  97.9053 159.7440 0017325 187.9451 172.1491 14.84375172246619
RESURS P2               
1 40360U 14087A   19068.80959447  .00000667  00000-0  23298-4 0  9990
2 40360  97.2586 161.3542 0011154  58.8122  94.1286 15.32979227234963
MMS 1                   
1 40482U 15011A   19061.85658565 -.00001357  00000-0  00000+0 0  9997
2 40482   5.8871 108.3492 9132085  20.8803 107.2640  0.28519178  9869
MMS 2                   
1 40483U 15011B   19061.85843750 -.00001357  00000-0  00000+0 0  9990
2 40483   5.8960 108.3543 9131979  20.8779 107.5952  0.28519154  9840
MMS 3                   
1 40484U 15011C   19061.85983796 -.00001360  00000-0  00000+0 0  9990
2 40484   5.8017 108.0424 9133670  21.1932 107.2589  0.28523860  9846
MMS 4                   
1 40485U 15011D   19061.86174769 -.00001356  00000-0  00000+0 0  9999
2 40485   5.8961 108.3547 9131994  20.8776 107.7212  0.28519132  9848
ASTROSAT                
1 40930U 15052A   19068.82231752 -.00002663  00000-0 -46511-3 0  9992
2 40930   5.9956  61.1834 0007468 163.2624 196.5776 14.76209068186294
DAMPE                   
1 41173U 15078A   19068.79549572  .00000044  00000-0  46879-5 0  9996
2 41173  97.3022  69.3815 0015705  91.7634  13.0790 15.23767505179481
PISAT                   
1 41784U 16059B   19068.61189508  .00000070  00000-0  22785-4 0  9992
2 41784  98.0822 130.9761 0031386 342.3632  17.6478 14.63407625130775
HXMT (HUIYAN)           
1 42758U 17034A   19068.89468691  .00000060  00000-0  17588-4 0  9995
2 42758  43.0174  69.4194 0011114 333.6351 100.8485 15.08528756 95559
FLYING LAPTOP           
1 42831U 17042G   19068.19271903  .00000267  00000-0  32372-4 0  9994
2 42831  97.5768 325.2788 0015217  42.7085 317.5313 14.90962352 89819
PICSAT                  
1 43132U 18004X   19068.48535160  .00001231  00000-0  54954-4 0  9990
2 43132  97.4998 136.4610 0008371 245.3094 114.7271 15.23285244 64096
ZHANGZHENG-1 (CSES)     
1 43194U 18015C   19068.18757871  .00000975  00000-0  47071-4 0  9998
2 43194  97.3771 195.9210 0014113 307.6515  52.3439 15.20936959 60798
