ASTRA 1D                
1 23331U 94070A   19067.86156889 -.00000267  00000-0  00000-0 0  9992
2 23331   8.4670  45.0376 0004143 309.7955  48.5757  1.00270223 89633
ASTRA 1F                
1 23842U 96021A   19068.45918795  .00000134  00000-0  00000+0 0  9996
2 23842   0.0567 321.5893 0004470  23.1565  31.6882  1.00270518 83695
AMC-1 (GE-1)            
1 24315U 96054A   19068.55580133  .00000063  00000-0  00000+0 0  9991
2 24315   2.9041  81.7118 0002665 261.2255 253.1888  1.00271672 82383
AMC-2 (GE-2)            
1 24713U 97002A   19067.85921352 -.00000215  00000-0  00000-0 0  9992
2 24713   5.4958  62.7652 0005167 287.9730  39.9656  1.00271017 80930
AMC-3 (GE-3)            
1 24936U 97050A   19068.50786556 -.00000264  00000-0  00000+0 0  9993
2 24936   1.7401  89.0478 0002764 259.1483 289.5265  1.00273177 78804
NSS-5                   
1 24957U 97053A   19068.17331595  .00000103  00000-0  00000+0 0  9992
2 24957   5.0505  66.1931 0004150 302.4368 270.8493  1.00275204 78599
ASTRA 1G                
1 25071U 97076A   19068.46180501  .00000063  00000-0  00000+0 0  9991
2 25071   3.6216  75.7183 0003567 268.6612  45.9205  1.00274291 77890
NSS-806                 
1 25239U 98014A   19068.18799365 -.00000193  00000-0  00000+0 0  9998
2 25239   0.4871 104.9036 0002658 248.0325 236.6612  0.99081477 76993
ASTRA 2A                
1 25462U 98050A   19068.03967056 -.00000310  00000-0  00000+0 0  9995
2 25462   0.5450  99.3485 0002737 232.3245 309.0429  1.00271447 75097
ASTRA 1H                
1 25785U 99033A   19067.86270295 -.00000280  00000-0  00000-0 0  9994
2 25785   5.0336  66.3388 0003018 281.9894  61.4170  1.00270572 24765
AMC-4 (GE-4)            
1 25954U 99060A   19067.70567833  .00000081  00000-0  00000+0 0  9999
2 25954   0.0611 288.7264 0002389  62.1465 294.3637  1.00271685 70830
ASTRA 2B                
1 26494U 00054A   19068.16712219  .00000114  00000-0  00000+0 0  9992
2 26494   3.5153  76.3709 0005001 273.5830 256.1395  1.00273774 67599
AMC-7 (GE-7)            
1 26495U 00054B   19067.70559111  .00000082  00000-0  00000+0 0  9996
2 26495   0.2431  95.2940 0002590 255.4999 294.2999  1.00272194 67605
NSS-11 (AAP-1)          
1 26554U 00059A   19068.48855359  .00000019  00000-0  00000+0 0  9996
2 26554   0.0494 304.1142 0002876  62.7813 151.8565  1.00271295 67535
AMC-6 (GE-6)            
1 26580U 00067A   19068.13451984 -.00000222  00000-0  00000+0 0  9999
2 26580   0.0487 314.3699 0002430  38.6343 138.9454  1.00272491 67343
ASTRA 2D                
1 26638U 00081A   19068.30783368  .00000027  00000-0  00000+0 0  9994
2 26638   4.8696  67.0905 0002115 267.6162 307.9760  1.00271374 66746
AMC-8 (GE-8)            
1 26639U 00081B   19068.65042566  .00000099  00000-0  00000+0 0  9990
2 26639   0.0204 257.5331 0002272  52.4371 312.1840  1.00272852 66632
ASTRA 2C                
1 26853U 01025A   19068.81407311  .00000133  00000-0  00000+0 0  9997
2 26853   1.7664  88.7682 0002731 252.3100 142.8580  1.00272638 64945
ASTRA 3A                
1 27400U 02015B   19068.44104287 -.00000285  00000-0  00000+0 0  9990
2 27400   5.0129  65.8054 0002776 283.2863 289.5316  1.00270365 62077
NSS-7                   
1 27414U 02019A   19068.15927095 -.00000161  00000-0  00000+0 0  9990
2 27414   3.2184  79.6172 0002533 259.7147 224.5416  1.00272486 61919
NSS-6                   
1 27603U 02057A   19068.11041887 -.00000275  00000-0  00000+0 0  9990
2 27603   0.0135 126.9580 0002196 186.4459 347.8335  1.00270958 59442
AMC-10 (GE-10)          
1 28154U 04003A   19068.87310103 -.00000283  00000-0  00000+0 0  9997
2 28154   0.1990  38.3515 0003259 313.6994 262.5575  0.99123216 55296
AMC-11 (GE-11)          
1 28252U 04017A   19068.55567913  .00000064  00000-0  00000+0 0  9995
2 28252   0.0561 314.3080 0002772  44.9950 236.6732  1.00273034 54065
AMC-15                  
1 28446U 04041A   19068.56001891 -.00000094  00000-0  00000+0 0  9990
2 28446   0.0599 316.3679 0002530  40.2734 266.8577  1.00272356 52727
AMC-16                  
1 28472U 04048A   19068.57704361 -.00000211  00000-0  00000+0 0  9990
2 28472   0.0456 316.4195 0002406  17.1848 316.0937  1.00271434 52176
NSS-10 (AMC-12)         
1 28526U 05003A   19068.18174414 -.00000256  00000-0  00000+0 0  9998
2 28526   0.0295 275.2474 0002720  80.2046 199.0810  1.00271624 51673
ASTRA 1KR               
1 29055U 06012A   19068.81320075  .00000115  00000-0  00000+0 0  9996
2 29055   0.0711 272.2054 0003220  20.4913 186.4578  1.00269257 47114
AMC-18                  
1 29644U 06054B   19067.70480597  .00000097  00000-0  00000+0 0  9998
2 29644   0.0551 286.9641 0001775 114.3070 239.5570  1.00274505 44902
ASTRA 1L                
1 31306U 07016A   19068.16712219  .00000114  00000-0  00000+0 0  9995
2 31306   0.0808 298.6672 0004820  23.2787 283.9775  1.00274745 43394
ASTRA 4A (SIRIUS 4)     
1 32299U 07057A   19068.17549444  .00000027  00000-0  00000+0 0  9994
2 32299   0.0160 148.4242 0002891 200.2668 245.8682  1.00271283 41311
AMC-21                  
1 33275U 08038B   19068.57979196  .00000031  00000-0  00000+0 0  9999
2 33275   0.0487 313.0944 0002507  35.2886 262.4004  1.00270707 38824
ASTRA 1M                
1 33436U 08057A   19068.16712219  .00000114  00000-0  00000+0 0  9997
2 33436   0.0100 171.8396 0001348 236.2727 197.7791  1.00272521 37834
CIEL-2                  
1 33453U 08063A   19068.60014191  .00000053  00000-0  00000+0 0  9998
2 33453   0.0113 178.6693 0002881 159.8566 275.6406  1.00272144 37500
NSS-9                   
1 33749U 09008A   19068.84582699  .00000067  00000-0  00000+0 0  9990
2 33749   0.0555 322.0844 0002057  30.8756 301.8094  1.00273019 36927
SES-7 (PROTOSTAR 2)     
1 34941U 09027A   19068.09076972 -.00000351  00000-0  00000+0 0  9992
2 34941   0.0314 108.1024 0001926 185.8564  13.4531  1.00273607 35979
NSS-12                  
1 36032U 09058A   19068.46180501  .00000066  00000-0  00000+0 0  9996
2 36032   0.0428 317.7934 0002635  26.7311  45.5652  1.00271078 34291
SES-1                   
1 36516U 10016A   19068.21492747 -.00000120  00000-0  00000+0 0  9992
2 36516   0.0503 304.8096 0002292  39.3506 158.8085  1.00272436 32490
ASTRA 3B                
1 36581U 10021A   19068.16790731  .00000131  00000-0  00000+0 0  9999
2 36581   0.0379  46.4115 0003176 301.1250 262.9381  1.00270685 32009
SES-3                   
1 37748U 11035A   19068.14269613 -.00000108  00000-0  00000+0 0  9994
2 37748   0.0526 318.8037 0002125  18.9448 137.1569  1.00271968 28059
ASTRA 1N                
1 37775U 11041A   19068.16703497  .00000114  00000-0  00000+0 0  9992
2 37775   0.0169  27.9987 0005093 346.9556 230.9280  1.00271596 27750
SES-2                   
1 37809U 11049A   19068.50481229 -.00000201  00000-0  00000+0 0  9990
2 37809   0.0447 308.9072 0002422  27.6492 285.0573  1.00272811 27363
QUETZSAT 1              
1 37826U 11054A   19068.12896549 -.00000248  00000-0  00000+0 0  9999
2 37826   0.0543 319.6457 0002568  47.7549 128.5374  1.00272564 27457
SES-4                   
1 38087U 12007A   19068.80500059 -.00000173  00000-0  00000+0 0  9998
2 38087   0.0152  90.4911 0002393 261.3404  83.1372  1.00271211 25856
SES-5                   
1 38652U 12036A   19068.81032197  .00000029  00000-0  00000+0 0  9991
2 38652   0.0201 135.7576 0001806 213.9659 114.1544  1.00272638 24435
ASTRA 2F                
1 38778U 12051A   19068.21021670  .00000144  00000-0  00000+0 0  9993
2 38778   0.0749 236.0539 0002461  30.5816   3.8158  1.00272878 23644
SES-6                   
1 39172U 13026A   19068.18174414 -.00000267  00000-0  00000+0 0  9993
2 39172   0.0630 301.5523 0001679  41.3288 208.6108  1.00272065 21079
O3B FM5                 
1 39188U 13031A   19067.75895690 -.00000022  00000-0  00000-0 0  9994
2 39188   0.0521  26.2363 0002655 314.0313  19.7187  5.00064151104206
O3B FM4                 
1 39189U 13031B   19065.66260569 -.00000026  00000-0  00000-0 0  9998
2 39189   0.0489 355.0419 0002538 351.6508  13.2960  5.00115919104092
O3B FM2                 
1 39190U 13031C   19067.82638709 -.00000022  00000-0  00000-0 0  9991
2 39190   0.0511 349.6273 0007658 342.3869  27.9412  5.00115712104176
O3B PFM                 
1 39191U 13031D   19065.66167061 -.00000026  00000-0  00000+0 0  9993
2 39191   0.0479  17.7392 0006828 343.1157 359.1417  5.00112959104065
ASTRA 2E                
1 39285U 13056A   19068.52784257  .00000145  00000-0  00000+0 0  9995
2 39285   0.0677  43.5908 0002281 295.4944  46.3298  1.00269500 19957
SES-8                   
1 39460U 13071A   19068.82829256 -.00000275  00000-0  00000+0 0  9994
2 39460   0.0517 269.4591 0001692 111.5770 179.3644  1.00273450 19234
ASTRA 5B                
1 39617U 14011B   19068.74384823  .00000150  00000-0  00000+0 0  9991
2 39617   0.0341 337.3755 0002689   3.5146 125.5429  1.00275495 18238
O3B FM3                 
1 40079U 14038A   19067.56121277 -.00000022  00000-0  00000-0 0  9995
2 40079   0.0490   4.1779 0001354  47.9463 307.8845  5.00116132 80269
O3B FM7                 
1 40080U 14038B   19067.71090914 -.00000022  00000-0  00000-0 0  9997
2 40080   0.0477   2.0150 0002520 343.9867  13.9878  5.00116454 85059
O3B FM6                 
1 40081U 14038C   19065.12828511 -.00000027  00000-0  00000-0 0  9998
2 40081   0.0483   3.2832 0002555 341.3198  15.3844  5.00115601 84909
O3B FM8                 
1 40082U 14038D   19067.77770943 -.00000022  00000-0  00000-0 0  9992
2 40082   0.0474 359.5034 0002545 347.1043  13.3821  5.00115104 85141
O3B FM10                
1 40348U 14083A   19067.81109356 -.00000022  00000-0  00000-0 0  9996
2 40348   0.0442  13.1098 0002494 333.0217  13.8583  5.00114432 77115
O3B FM11                
1 40349U 14083B   19067.62721837 -.00000022  00000-0  00000-0 0  9990
2 40349   0.0490  13.8849 0002733 317.7058  28.3910  5.00115937 77103
O3B FM12                
1 40350U 14083C   19067.49455471 -.00000022  00000-0  00000-0 0  9995
2 40350   0.0485  12.7942 0002738 331.3355  15.8581  5.00115674 77101
O3B FM9                 
1 40351U 14083D   19067.47742829 -.00000022  00000-0  00000-0 0  9990
2 40351   0.0501  14.3432 0002559 332.0268  13.6196  5.00114684 77114
ASTRA 2G                
1 40364U 14089A   19068.02527661  .00000144  00000-0  00000+0 0  9990
2 40364   0.0453 354.4453 0003775  32.2273 177.0463  1.00270853 15370
SES-9                   
1 41380U 16013A   19067.87063273 -.00000352  00000-0  00000-0 0  9997
2 41380   0.0467 274.0623 0001367 129.0794 184.8455  1.00271717 10819
SES-10                  
1 42432U 17017A   19068.50882515 -.00000278  00000-0  00000+0 0  9996
2 42432   0.0207 122.2238 0002754 230.6147 290.3255  1.00273225  7114
SES-15                  
1 42709U 17026A   19068.55660101  .00000055  00000-0  00000+0 0  9995
2 42709   0.0219 156.7118 0001792 196.1982 245.2634  1.00270355  7545
SES-11 (ECHOSTAR 105)   
1 42967U 17063A   19068.56001900 -.00000094  00000-0  00000+0 0  9993
2 42967   0.0130 145.6406 0002348 207.3892 270.5633  1.00272137  5169
SES-14                  
1 43175U 18012B   19068.51275076 -.00000284  00000-0  00000+0 0  9993
2 43175   0.0203 154.6197 0000937 184.6094 324.7669  1.00269533  4427
O3B FM15                
1 43231U 18024A   19067.54450916 -.00000022  00000-0  00000-0 0  9990
2 43231   0.0408  13.2201 0002733 335.0323  11.7378  5.00115493 18217
O3B FM16                
1 43232U 18024B   19065.79508682 -.00000026  00000-0  00000-0 0  9994
2 43232   0.0367  14.5302 0003101 329.0501  16.4052  5.00116089 18133
O3B FM14                
1 43233U 18024C   19067.84347564 -.00000022  00000-0  00000-0 0  9999
2 43233   0.0353  14.2088 0003083 335.2454  10.5359  5.00115531 18228
O3B FM13                
1 43234U 18024D   19065.46177510 -.00000027  00000-0  00000-0 0  9993
2 43234   0.0333  21.8267 0005184 331.2382   6.9233  5.00112995 18108
SES-12                  
1 43488U 18049A   19068.82829256 -.00000274  00000-0  00000+0 0  9998
2 43488   0.0363   4.8137 0001286 207.4741 348.1010  1.00271671  2796
