ISS (ZARYA)             
1 25544U 98067A   19069.03743463  .00002327  00000-0  44365-4 0  9995
2 25544  51.6426 134.1739 0004026  91.9284 340.1753 15.52800433159851
TIANGONG-2              
1 41765U 16057A   19068.79019137  .00004241  00000-0  53764-4 0  9993
2 41765  42.7841 199.6457 0008837 295.6332 216.6244 15.60875641141507
BANXING-2               
1 41834U 16057H   19068.51398253  .00046151  90748-5  13608-3 0  9990
2 41834  42.7763  97.0392 0013038  74.3249  48.5937 15.92579637136689
CXBN-2                  
1 42704U 98067LM  19059.52249959  .04259319  12249-4  63401-3 0  9998
2 42704  51.6124 101.1040 0002748  40.6309 108.8739 16.33621154102537
PHOENIX                 
1 42706U 98067LP  19068.22449231  .00102647  00000-0  36945-3 0  9990
2 42706  51.6252  70.6019 0003578  77.8372 282.3034 15.87891755103712
ALTAIR PATHFINDER       
1 42711U 98067LS  19068.60387604  .00024690  00000-0  17410-3 0  9990
2 42711  51.6314  91.4436 0003820  90.4455 269.6982 15.73914471103136
SHARC                   
1 42712U 98067LT  19068.27500289  .00093530  00000-0  36743-3 0  9999
2 42712  51.6287  86.9588 0004406  63.9196 296.2261 15.86137799103401
ZA-AEROSAT              
1 42713U 98067LU  19068.44969680  .00064102  00000-0  26055-3 0  9991
2 42713  51.6316  75.2173 0003948  78.9976 281.1472 15.85582450103334
CSUNSAT1                
1 42715U 98067LW  19068.83621240  .00101954  00000-0  33746-3 0  9995
2 42715  51.6282  69.4950 0004725  87.1426 273.0121 15.89564986103443
SPACECUBE               
1 42717U 98067LY  19059.60577340  .11886658  12464-4  71601-3 0  9999
2 42717  51.6020 100.2529 0001466  12.7224 347.7311 16.41511985101572
NJUST-1                 
1 42722U 98067MB  19068.52578209  .00049629  00000-0  24473-3 0  9992
2 42722  51.6361  80.0372 0003756 114.4507  22.7986 15.81595507102344
LILACSAT-1 (LO-90)      
1 42725U 98067ME  19068.83016847  .00290487  47901-4  47977-3 0  9993
2 42725  51.6295  62.4347 0004080 110.4767 318.4790 16.02566109102511
NSIGHT                  
1 42726U 98067MF  19068.33541095  .00014870  00000-0  14030-3 0  9996
2 42726  51.6366 105.6190 0004622 133.5493 226.5888 15.67284356101901
SNUSAT-1B               
1 42727U 98067MG  19068.82034977  .00249536  37379-4  46534-3 0  9993
2 42727  51.6235  63.1475 0005783  99.7806 260.3857 16.00505048102467
SNUSAT-1                
1 42733U 98067MN  19068.81987885  .00966404  62357-3  66275-3 0  9991
2 42733  51.6189  56.9991 0005110 115.3711 244.7835 16.16017598102433
BEEAGLESAT              
1 42736U 98067MR  19068.46756875  .00106831  15370-4  33862-3 0  9998
2 42736  51.6276  69.9389 0004079 110.5439 249.6005 15.91116548102299
KESTREL EYE IIM (KE2M)  
1 42982U 98067NE  19068.57749611  .00006995  00000-0  87499-4 0  9999
2 42982  51.6371 122.2616 0004431 110.8967 249.2502 15.61062813 78118
ASTERIA                 
1 43020U 98067NH  19068.49676803  .00015411  00000-0  15042-3 0  9993
2 43020  51.6411 115.0843 0002950  78.7373 281.3955 15.66405858 73979
DELLINGR (RBLE)         
1 43021U 98067NJ  19068.57897143  .00006864  00000-0  85158-4 0  9993
2 43021  51.6382 122.3005 0002865  72.9507 287.1800 15.61317555 73882
OSIRIS-3U               
1 43027U 98067NL  19066.21822070  .27976699  12582-4  67924-3 0  9998
2 43027  51.6122  93.2605 0000010 179.6888 180.8884 16.46418237 73939
1KUNS-PF                
1 43466U 98067NP  19068.59709752  .00013466  00000-0  15461-3 0  9991
2 43466  51.6376 126.1595 0001424  40.4619 319.6481 15.62390204 47091
UBAKUSAT                
1 43467U 98067NQ  19068.56019682  .00009603  00000-0  12087-3 0  9994
2 43467  51.6374 128.1581 0003184  44.1617 315.9630 15.60381690 47071
BATSU-CS1 (IRAZU)       
1 43468U 98067NR  19068.40718467  .00017379  00000-0  18615-3 0  9997
2 43468  51.6372 125.6350 0001552  32.5323 327.5767 15.63944391147075
CUBERRT                 
1 43546U 98067NU  19068.47056614  .00020545  00000-0  24632-3 0  9995
2 43546  51.6374 130.5523 0005565 101.4921 258.6697 15.60884749 37160
TEMPEST-D               
1 43547U 98067NV  19068.46825305  .00003354  00000-0  52770-4 0  9990
2 43547  51.6380 133.5317 0006200 102.6963 257.4722 15.56759846 36808
RAINCUBE                
1 43548U 98067NW  19068.78312589  .00009708  00000-0  12884-3 0  9991
2 43548  51.6369 130.3837 0005740 108.5103 251.6514 15.58947740 37324
HALOSAT                 
1 43549U 98067NX  19068.65566825  .00010838  00000-0  14320-3 0  9995
2 43549  51.6372 131.0360 0005596 111.4980 248.6610 15.58922668 36866
1998-067NY              
1 43550U 98067NY  19068.41389448  .00015891  00000-0  18753-3 0  9993
2 43550  51.6362 130.1547 0003992 116.6713 243.4690 15.61512423 37313
ENDUROSAT ONE           
1 43551U 98067NZ  19068.56659359  .00011524  00000-0  14631-3 0  9991
2 43551  51.6380 130.4437 0005831 117.3189 242.8399 15.59909951 37271
EQUISAT                 
1 43552U 98067PA  19068.54875597  .00008894  00000-0  11743-3 0  9991
2 43552  51.6388 131.0811 0006245 118.3009 241.8614 15.59210170 37227
1998-067PB              
1 43553U 98067PB  19068.53219211  .00007649  00000-0  10462-3 0  9990
2 43553  51.6395 131.7318 0006517 118.6252 241.5397 15.58499610 37266
1998-067PC              
1 43554U 98067PC  19068.55305233  .00011280  00000-0  14243-3 0  9990
2 43554  51.6378 130.3547 0005968 116.2173 243.9435 15.60080207 36812
AEROCUBE 12A            
1 43556U 18046C   19068.51038711  .00001983  00000-0  83425-4 0  9999
2 43556  51.6426 181.8871 0008876  70.1188 290.0747 15.28375974 36084
AEROCUBE 12B            
1 43557U 18046D   19068.51670896  .00001985  00000-0  83701-4 0  9995
2 43557  51.6424 181.9271 0008860  70.4711 289.7225 15.28288293 36034
LEMUR-2-VU              
1 43558U 18046E   19068.53275545  .00002391  00000-0  96674-4 0  9995
2 43558  51.6402 181.3014 0008317  73.7320 286.4574 15.28818109 36080
LEMUR-2-ALEXANDER       
1 43559U 18046F   19068.20374434  .00003129  00000-0  12239-3 0  9991
2 43559  51.6404 182.8553 0008357  72.5568 287.6325 15.28882635 35814
LEMUR-2-YUASA           
1 43560U 18046G   19068.73160335  .00002197  00000-0  89830-4 0  9990
2 43560  51.6401 180.3730 0008787  86.9169 273.2816 15.28831455 36110
LEMUR-2-TOMHENDERSON    
1 43561U 18046H   19068.66305558  .00002259  00000-0  91954-4 0  9990
2 43561  51.6401 180.6668 0008694  87.7375 272.4600 15.28854978 35665
SIRIUSSAT-1             
1 43595U 98067PG  19068.54471264  .00009087  00000-0  12315-3 0  9992
2 43595  51.6366 132.5333 0003991  79.1321 281.0120 15.58481818 32053
SIRIUSSAT-2             
1 43596U 98067PH  19068.75699396  .00009295  00000-0  12654-3 0  9991
2 43596  51.6374 131.7223 0004566  82.4158 277.7353 15.58327225 32080
TANUSHA-3               
1 43597U 98067PJ  19068.51137448  .00011988  00000-0  15620-3 0  9999
2 43597  51.6362 132.2903 0003789  91.2378 268.9049 15.59180768 32058
1998-067PK              
1 43598U 98067PK  19068.13032558  .00014417  00000-0  18630-3 0  9998
2 43598  51.6371 134.2548 0004092  88.2989 271.8473 15.59207795 31994
1998-067PN              
1 43638U 98067PN  19068.59422857  .00006061  00000-0  90968-4 0  9999
2 43638  51.6384 134.3729 0003309  73.0062 287.1292 15.56410637 23953
1998-067PP              
1 43639U 98067PP  19068.61914589  .00007834  00000-0  11247-3 0  9992
2 43639  51.6378 133.7887 0005934  76.2096 283.9556 15.57145339 23977
STARS-ME                
1 43640U 98067PQ  19068.57267917  .00006768  00000-0  99521-4 0  9992
2 43640  51.6380 134.2305 0006067  74.9828 285.1835 15.56751104 23964
PROGRESS-MS 10          
1 43702U 18091A   19067.57047044  .00001319  00000-0  28399-4 0  9998
2 43702  51.6430 141.4747 0004094  90.5791  55.6654 15.52788891 17398
SOYUZ-MS 11             
1 43756U 18098A   19067.57047044  .00001319  00000-0  28399-4 0  9994
2 43756  51.6430 141.4747 0004094  90.5791  55.6654 15.52788891 14787
ISS DEB (SEDA-AP)       
1 43870U 98067PU  19068.65327220  .00003038  00000-0  52226-4 0  9998
2 43870  51.6421 135.5086 0005369 102.9156 257.2427 15.54619485 12110
CATSAT-2                
1 44029U 98067PV  19068.48643043  .00008102  00000-0  12810-3 0  9991
2 44029  51.6390 136.6534 0005028 125.8375 234.3083 15.54429605  5828
DELPHINI                
1 44030U 98067PW  19068.10030245  .00009053  00000-0  14217-3 0  9995
2 44030  51.6385 138.5739 0004678 120.8183 239.3269 15.54448271  5735
UNITE                   
1 44031U 98067PX  19068.16586562  .00006150  00000-0  99512-4 0  9997
2 44031  51.6389 138.2618 0003512 116.7277 243.4073 15.54283023  5749
TECHEDSAT 8             
1 44032U 98067PY  19067.83412165  .00017891  00000-0  26676-3 0  9992
2 44032  51.6385 139.7965 0003209 106.5650 253.5693 15.55151848  5674
CATSAT-1                
1 44033U 98067PZ  19068.61483141  .00009869  00000-0  15443-3 0  9998
2 44033  51.6389 136.0113 0004887 125.0269 235.1181 15.54428825  5757
CREW DRAGON 1           
1 44063U 19011A   19067.36954039  .00006286  00000-0  10000-3 0  9997
2 44063  51.6381 142.4692 0012936 169.6921 292.6127 15.54661212   941
