TDRS 3                  
1 19548U 88091B   19068.38827090 -.00000295  00000-0  00000+0 0  9990
2 19548  14.3697   1.7137 0032431 320.2626 294.8200  1.00361659 98724
HST                     
1 20580U 90037B   19068.58092309  .00000472  00000-0  17843-4 0  9994
2 20580  28.4688 160.5090 0002884 113.7711  11.8564 15.09184524385603
TDRS 5                  
1 21639U 91054B   19068.39064478  .00000087  00000-0  00000+0 0  9999
2 21639  14.6567  14.9956 0024846 343.7284 141.3605  1.00263711101060
TDRS 6                  
1 22314U 93003B   19068.72840748 -.00000291  00000-0  00000+0 0  9993
2 22314  14.2482  18.0505 0006650 337.1020  28.3130  1.00276675 95743
TDRS 7                  
1 23613U 95035B   19067.91157060 -.00000196  00000-0  00000-0 0  9996
2 23613  14.3805   8.7488 0036347  26.4722 183.8632  1.00265955 86603
ISS (ZARYA)             
1 25544U 98067A   19069.03743463  .00002327  00000-0  44365-4 0  9995
2 25544  51.6426 134.1739 0004026  91.9284 340.1753 15.52800433159851
LANDSAT 7               
1 25682U 99020A   19068.84884391  .00000078  00000-0  27114-4 0  9996
2 25682  98.1388 138.6106 0001387  98.4422 261.6923 14.57146578 58432
TERRA                   
1 25994U 99068A   19068.65988805  .00001826  00000-0  41530-3 0  9997
2 25994  98.2076 144.6598 0001323  64.2612 295.8672 14.57112567 22484
TDRS 8                  
1 26388U 00034A   19068.46817323 -.00000229  00000-0  00000+0 0  9995
2 26388   8.5075  50.8546 0015637 290.4111  83.2443  1.00266826 68539
TIMED                   
1 26998U 01055B   19068.51961175  .00000102  00000-0  15117-4 0  9996
2 26998  74.0723 140.6710 0002043 302.5928  57.5055 14.88090795935236
TDRS 9                  
1 27389U 02011A   19068.80133668 -.00000277  00000-0  00000+0 0  9998
2 27389   6.5336  71.8915 0013603 261.9800  81.3030  1.00081531 63805
AQUA                    
1 27424U 02022A   19068.49434385  .00000083  00000-0  28613-4 0  9994
2 27424  98.2170  10.8650 0002105  22.8473  87.2365 14.57101582896066
TDRS 10                 
1 27566U 02055A   19068.67798779  .00000091  00000-0  00000+0 0  9991
2 27566   6.1092  55.6803 0010789 267.0987 277.2023  1.00275521 59591
SORCE                   
1 27651U 03004A   19068.98126556  .00000144  00000-0  29217-4 0  9998
2 27651  39.9983  45.5234 0022524 347.1050  12.9214 14.88965694874820
AURA                    
1 28376U 04026A   19068.13561313 -.00000028  00000-0  38716-5 0  9996
2 28376  98.2185  12.6720 0001058  65.3076 294.8233 14.57100030779061
SWIFT                   
1 28485U 04047A   19067.26173108  .00000875  00000-0  29650-4 0  9999
2 28485  20.5576  54.7001 0010906 268.2148  91.7036 15.04315761783049
THEMIS A                
1 30580U 07004A   19067.89144523 -.00000439  00000-0  00000+0 0  9992
2 30580   8.7969 111.9412 8358869 275.5370   5.7927  0.87836830 42607
THEMIS D                
1 30797U 07004D   19068.24240132 -.00000457  00000-0  00000+0 0  9995
2 30797   6.5202  66.0003 8528653 328.6034   0.7193  0.75220916 42650
THEMIS E                
1 30798U 07004E   19067.67259153 -.00000410  00000-0  00000+0 0  9994
2 30798   5.8669  88.6499 8402545 306.1065   2.4035  0.81732005 42776
AIM                     
1 31304U 07015A   19068.66786066  .00000584  00000-0  37189-4 0  9992
2 31304  97.9703 287.3319 0006032 137.2273 222.9427 15.12975091650242
FGRST (GLAST)           
1 33053U 08029A   19068.01230466  .00000489  00000-0  11250-4 0  9993
2 33053  25.5836  36.4657 0012418  10.9950 349.0855 15.11190995592692
WISE                    
1 36119U 09071A   19067.70040145  .00000674  00000-0  26218-4 0  9991
2 36119  97.3850 103.6373 0001340 206.8303 153.2868 15.29458489512463
TDRS 11                 
1 39070U 13004A   19068.56993883  .00000074  00000-0  00000+0 0  9992
2 39070   4.5164 329.2959 0003380 355.3791 233.2666  1.00265942 22345
TDRS 12                 
1 39504U 14004A   19068.18174414 -.00000275  00000-0  00000+0 0  9998
2 39504   5.2396 336.3610 0002707 332.8330 241.8139  1.00276768 18800
GPM-CORE                
1 39574U 14009C   19068.01237018  .00002446  00000-0  39421-4 0  9997
2 39574  65.0068 298.0101 0011471 288.7208  71.2693 15.55817821285506
MMS 1                   
1 40482U 15011A   19061.85658565 -.00001357  00000-0  00000+0 0  9997
2 40482   5.8871 108.3492 9132085  20.8803 107.2640  0.28519178  9869
MMS 2                   
1 40483U 15011B   19061.85843750 -.00001357  00000-0  00000+0 0  9990
2 40483   5.8960 108.3543 9131979  20.8779 107.5952  0.28519154  9840
MMS 3                   
1 40484U 15011C   19061.85983796 -.00001360  00000-0  00000+0 0  9990
2 40484   5.8017 108.0424 9133670  21.1932 107.2589  0.28523860  9846
MMS 4                   
1 40485U 15011D   19061.86174769 -.00001356  00000-0  00000+0 0  9999
2 40485   5.8961 108.3547 9131994  20.8776 107.7212  0.28519132  9848
TDRS 13                 
1 42915U 17047A   19068.01090837 -.00000107  00000-0  00000+0 0  9990
2 42915   6.2701 330.6658 0014252  69.6462 118.5160  1.00272748  5735
JPSS-1                  
1 43013U 17073A   19068.59353552  .00000003  00000-0  22162-4 0  9990
2 43013  98.7125   8.3339 0000867 104.0529 256.0743 14.19549667 67566
