EGYPTSAT-A (MISRSAT-A)  
1 44047U 19008A   19068.53145390  .00017519  00000-0  27726-2 0  9990
2 44047  98.0156 134.5164 0002755  60.8934 298.9954 14.72309700  2330
NUSANTARA SATU          
1 44048U 19001A   19068.55130902 -.00000241  00000-0  00000+0 0  9997
2 44048   0.0753 282.8911 0001250  58.8066 169.5805  1.00273533   131
BERESHEET               
1 44049U 19009B   19066.56250000 -.00011472  00000-0  15660-3 0  9997
2 44049  27.7860   9.5270 9518981 181.8930   1.2740  0.16162503   106
FALCON 9 R/B            
1 44050U 19009C   19063.97560628  .00003491  00000-0  41712-2 0  9998
2 44050  27.5605   9.3183 8377657 182.8044 163.2015  1.05313713   107
ONEWEB-0012             
1 44057U 19010A   19067.95456144  .00000011  00000-0 -43813-5 0  9999
2 44057  87.7699  68.6913 0015160 223.3470 136.6499 13.70053984  1239
ONEWEB-0010             
1 44058U 19010B   19067.95376799 -.00000043  00000-0 -65834-4 0  9999
2 44058  87.7710  68.6896 0014754 221.9897 138.0135 13.70174403  1221
ONEWEB-0008             
1 44059U 19010C   19067.95307549  .00000009  00000-0 -69266-5 0  9992
2 44059  87.7692  68.6918 0014361 220.3885 139.6211 13.70280827  1220
ONEWEB-0007             
1 44060U 19010D   19067.95229312  .00000050  00000-0  39809-4 0  9999
2 44060  87.7704  68.6898 0013946 218.6422 141.3743 13.70400592  1221
ONEWEB-0006             
1 44061U 19010E   19067.95165529  .00000009  00000-0 -63495-5 0  9993
2 44061  87.7709  68.6915 0013212 217.4811 142.5430 13.70497656  1225
ONEWEB-0011             
1 44062U 19010F   19067.94940925  .00000013  00000-0 -26678-5 0  9991
2 44062  87.7699  68.6886 0011645 219.8915 140.1392 13.70839834  1229
CREW DRAGON DEMO-1 DEB  
1 44064U 19011B   19068.18607965  .00004995  00000-0  76327-4 0  9992
2 44064  51.6355 138.3987 0004931  90.8274 269.3402 15.56361562   119
S5                      
1 44065U 19009D   19068.15483592 -.00000319  00000-0  00000+0 0  9992
2 44065   0.0736 281.3183 0001047 255.8494 182.8166  0.99342627    51
S5 DEB                  
1 44066U 19009E   19067.68333016 -.00000265  00000-0  00000+0 0  9995
2 44066   0.0769 284.0608 0004530 283.3858 337.9023  0.98987653    58
2019-012A               
1 44067U 19012A   19068.82278848 -.00001475  15046-5  00000+0 0  9993
2 44067  24.6438  52.0283 7549957 178.6329  86.0297  1.98210333    04
