APRIZESAT 2             
1 28366U 04025A   19068.57961940 -.00000002  00000-0  13739-4 0  9991
2 28366  98.3106 331.8826 0107025 323.9096  35.4898 14.36667834770102
SAUDICOMSAT 1           
1 28369U 04025D   19068.83266792  .00000029  00000-0  18369-4 0  9998
2 28369  98.2795  19.2118 0032421 242.4527 117.3374 14.52479924778331
SAUDICOMSAT 2           
1 28370U 04025E   19068.07217598  .00000051  00000-0  25939-4 0  9992
2 28370  98.3770  13.9523 0058635  34.1967 326.2980 14.47417105775571
APRIZESAT 1             
1 28372U 04025G   19068.79087823  .00000028  00000-0  19192-4 0  9997
2 28372  98.3349  16.4731 0045641 322.7197  37.0831 14.49579646776921
NANOSAT-1               
1 28493U 04049B   19068.24498182  .00000066  00000-0  18068-4 0  9994
2 28493  98.1408 152.0895 0005357 141.6017 218.5573 14.73483017763700
SAUDICOMSAT 7           
1 31119U 07012C   19068.83950995  .00000026  00000-0  14774-4 0  9992
2 31119  98.0390  20.9479 0058892 238.7277 120.8149 14.61711742634085
SAUDICOMSAT 6           
1 31121U 07012E   19068.08646185  .00000035  00000-0  17574-4 0  9996
2 31121  98.0985  14.2141 0075817 320.1248  39.4396 14.58512205632615
SAUDICOMSAT 5           
1 31124U 07012H   19068.45196809  .00000028  00000-0  14432-4 0  9995
2 31124  98.0011  23.9463 0051152 199.3457 160.5805 14.63411031634722
SAUDICOMSAT 3           
1 31125U 07012J   19068.10860281  .00000078  00000-0  23106-4 0  9993
2 31125  97.9611  27.2163 0043716 161.0667 199.2174 14.65151203635382
SAUDICOMSAT 4           
1 31127U 07012L   19067.83369422  .00000032  00000-0  16506-4 0  9991
2 31127  98.0687  17.3131 0066746 279.4308  79.9352 14.60225027633299
APRIZESAT 4             
1 35684U 09041D   19068.44685444  .00000033  00000-0  12097-4 0  9992
2 35684  98.2132  30.4943 0046181 228.5614 131.1625 14.79188847518295
APRIZESAT 3             
1 35686U 09041F   19067.91223196  .00000052  00000-0  12275-4 0  9996
2 35686  98.2476 103.5758 0074087 126.5405 234.2660 14.87280181520734
AISSAT 1                
1 36797U 10035C   19068.37539141  .00000122  00000-0  20402-4 0  9995
2 36797  98.1040 201.3304 0012524 100.8907 259.3717 14.86142180468892
S-NET D                 
1 43186U 18014G   19068.80233648  .00000003  00000-0  53571-5 0  9993
2 43186  97.7152 338.6917 0010836 350.2413   9.8596 14.96589443 60048
S-NET B                 
1 43187U 18014H   19068.86902617  .00000006  00000-0  56621-5 0  9991
2 43187  97.7150 338.7483 0010826 349.9815  10.1189 14.96589338 60053
S-NET A                 
1 43188U 18014J   19068.80195010 -.00000019  00000-0  34412-5 0  9996
2 43188  97.7152 338.6955 0010823 350.2977   9.8034 14.96589848 60049
S-NET C                 
1 43189U 18014K   19068.86911985  .00000008  00000-0  58163-5 0  9996
2 43189  97.7149 338.7463 0010810 349.9671  10.1333 14.96588947 58608
